Combinations	core	pangenome	variable
2	122259	130210	7951
2	121289	130030	8741
2	123208	130647	7439
2	122929	130068	7139
2	121095	130272	9177
2	121826	129837	8011
2	120692	129721	9029
2	122525	129744	7219
2	122435	128844	6409
2	122535	128192	5657
2	120064	129632	9568
2	121546	129765	8219
2	121072	129821	8749
2	123558	129344	5786
2	119705	129275	9570
2	121033	130494	9461
2	123839	129946	6107
2	120563	129325	8762
2	121152	129991	8839
2	122314	129975	7661
2	122758	128882	6124
2	123235	127205	3970
2	121829	128801	6972
2	124990	130750	5760
2	121822	130121	8299
2	123550	130592	7042
2	123543	130658	7115
2	123846	129599	5753
2	121090	130125	9035
2	123112	127247	4135
2	121270	130282	9012
2	122904	130179	7275
2	122980	129069	6089
2	121650	129974	8324
2	122426	129707	7281
2	122261	129892	7631
2	121029	130136	9107
2	122207	130196	7989
2	120305	129844	9539
2	123950	130089	6139
2	122845	129977	7132
2	122253	128202	5949
2	123950	128756	4806
2	123777	129079	5302
2	123037	130135	7098
2	122865	128382	5517
2	121269	129718	8449
2	123970	130067	6097
2	122100	129991	7891
2	121064	128592	7528
2	123761	130535	6774
2	122450	128832	6382
2	123009	128969	5960
2	123495	129873	6378
3	121987	130424	8437
3	120595	131536	10941
3	115752	131014	15262
3	118078	130637	12559
3	118916	131047	12131
3	117136	130721	13585
3	121970	130703	8733
3	118731	130940	12209
3	121188	129746	8558
3	120042	130199	10157
3	120163	130567	10404
3	120450	131016	10566
3	118588	131241	12653
3	118646	130786	12140
3	117947	130514	12567
3	118334	130706	12372
3	119598	130877	11279
3	119625	131034	11409
3	117526	130887	13361
3	118775	131504	12729
3	119082	130848	11766
3	121297	130244	8947
3	119557	131343	11786
3	118420	130071	11651
3	116773	131005	14232
3	119813	131082	11269
3	121799	130490	8691
3	117426	130994	13568
3	119298	130914	11616
3	117970	130666	12696
3	119923	129572	9649
3	117333	131376	14043
3	118127	130816	12689
3	118976	130865	11889
3	118369	130928	12559
3	120114	131037	10923
3	120104	130527	10423
3	119260	130052	10792
3	118559	130994	12435
3	122366	130389	8023
3	117600	130668	13068
3	120217	131017	10800
3	119407	130790	11383
3	116938	131100	14162
3	120774	130605	9831
3	120383	131034	10651
3	121572	130178	8606
3	121205	131621	10416
3	121264	131134	9870
3	119084	130904	11820
3	118140	131268	13128
3	117367	130986	13619
3	120756	130811	10055
3	121860	130505	8645
4	118136	131289	13153
4	115234	131385	16151
4	118311	130059	11748
4	117905	131075	13170
4	118390	131330	12940
4	116299	131614	15315
4	118650	130948	12298
4	118048	131253	13205
4	118027	131161	13134
4	119151	131233	12082
4	117114	130877	13763
4	116754	131087	14333
4	117087	130486	13399
4	118377	131345	12968
4	114419	131628	17209
4	117458	130957	13499
4	113227	131420	18193
4	116727	131187	14460
4	118167	130690	12523
4	116061	131583	15522
4	116626	131452	14826
4	116137	131506	15369
4	115283	131370	16087
4	119966	131745	11779
4	117145	131651	14506
4	118671	131001	12330
4	120233	131120	10887
4	119632	131335	11703
4	117815	131529	13714
4	114697	131550	16853
4	112739	131537	18798
4	115531	131562	16031
4	118387	131164	12777
4	118271	131225	12954
4	117024	130932	13908
4	118415	131724	13309
4	118802	131343	12541
4	117236	131449	14213
4	117678	131349	13671
4	120821	130846	10025
4	118386	130980	12594
4	118076	131088	13012
4	116504	131360	14856
4	116189	131105	14916
4	117401	131436	14035
4	117909	131255	13346
4	116010	131355	15345
4	115334	131265	15931
4	117162	131328	14166
4	119706	130978	11272
4	114834	131359	16525
4	116697	131079	14382
4	119070	130096	11026
4	119011	131001	11990
5	113421	131678	18257
5	118356	131143	12787
5	114675	131845	17170
5	115540	131544	16004
5	114730	131580	16850
5	115653	131277	15624
5	114684	131718	17034
5	118044	130343	12299
5	114468	131747	17279
5	120536	131134	10598
5	117578	131422	13844
5	117799	131686	13887
5	117000	131414	14414
5	116104	131673	15569
5	118335	131795	13460
5	115999	131809	15810
5	114756	131713	16957
5	116702	131415	14713
5	115173	131621	16448
5	115853	131345	15492
5	115405	131585	16180
5	112201	131938	19737
5	116369	131571	15202
5	114708	131701	16993
5	114710	131835	17125
5	117760	131490	13730
5	114034	131580	17546
5	115861	131932	16071
5	115425	131400	15975
5	115873	131987	16114
5	116944	131879	14935
5	116206	131608	15402
5	117801	131510	13709
5	113309	131477	18168
5	114460	131641	17181
5	116397	131582	15185
5	116860	131627	14767
5	116322	131503	15181
5	118987	130843	11856
5	115690	131655	15965
5	116870	131627	14757
5	117107	131645	14538
5	115377	131520	16143
5	114746	131351	16605
5	114162	131616	17454
5	116359	131683	15324
5	113689	131846	18157
5	113393	131787	18394
5	115920	131798	15878
5	117565	131633	14068
5	113328	131546	18218
5	116318	131632	15314
5	116739	131089	14350
5	114979	131421	16442
6	113740	131564	17824
6	116521	131422	14901
6	112666	131926	19260
6	111747	131896	20149
6	115312	131830	16518
6	113585	131510	17925
6	115178	131654	16476
6	115077	131866	16789
6	116683	131354	14671
6	116003	131783	15780
6	113334	132057	18723
6	114341	131920	17579
6	116154	131683	15529
6	113145	131979	18834
6	112177	131887	19710
6	114604	131744	17140
6	116112	131679	15567
6	113417	131810	18393
6	114869	131918	17049
6	114167	132032	17865
6	113762	131841	18079
6	111794	131994	20200
6	113963	132160	18197
6	117171	131337	14166
6	117361	131518	14157
6	114211	131939	17728
6	115818	131725	15907
6	113556	131962	18406
6	114932	131886	16954
6	116555	131077	14522
6	113516	131920	18404
6	111707	131873	20166
6	117490	131633	14143
6	115136	131699	16563
6	117104	131945	14841
6	112089	131922	19833
6	113395	131747	18352
6	114918	131716	16798
6	113240	131896	18656
6	112753	131745	18992
6	119436	130634	11198
6	111361	132002	20641
6	115987	131700	15713
6	112992	132008	19016
6	115236	131538	16302
6	116886	131443	14557
6	115521	131746	16225
6	111411	131839	20428
6	112598	132000	19402
6	113134	131759	18625
6	115419	131719	16300
6	115642	131949	16307
6	114093	131343	17250
6	113952	132019	18067
7	112001	132101	20100
7	113824	131578	17754
7	113746	131990	18244
7	113562	131914	18352
7	113719	131963	18244
7	114391	131968	17577
7	112664	131903	19239
7	115269	131894	16625
7	113384	132101	18717
7	115323	131919	16596
7	112402	132136	19734
7	113842	131974	18132
7	112635	131940	19305
7	115116	131863	16747
7	113078	132182	19104
7	110306	132080	21774
7	113254	131828	18574
7	110951	131967	21016
7	112329	131885	19556
7	109497	132084	22587
7	113813	132038	18225
7	114097	132205	18108
7	110972	132029	21057
7	116637	131469	14832
7	114198	131899	17701
7	115804	132117	16313
7	114009	131982	17973
7	109985	131974	21989
7	114537	132051	17514
7	118173	131494	13321
7	113915	132035	18120
7	114827	131814	16987
7	115403	131600	16197
7	114961	132040	17079
7	110807	132097	21290
7	109713	131864	22151
7	115022	131848	16826
7	111983	132007	20024
7	112294	131985	19691
7	112597	131692	19095
7	112910	131910	19000
7	115133	131677	16544
7	116862	131743	14881
7	113845	131860	18015
7	114541	131761	17220
7	112827	132199	19372
7	112683	131952	19269
7	113895	131986	18091
7	113486	131905	18419
7	115667	131926	16259
7	113589	132134	18545
7	110875	132184	21309
7	114771	131869	17098
7	111481	132225	20744
8	114171	132046	17875
8	113101	132130	19029
8	114670	131727	17057
8	113985	131964	17979
8	113182	131845	18663
8	112444	132037	19593
8	112679	132025	19346
8	111865	132296	20431
8	111616	132076	20460
8	112317	132164	19847
8	111327	132083	20756
8	111074	132142	21068
8	114425	131824	17399
8	112428	132041	19613
8	112151	132122	19971
8	114743	132189	17446
8	112959	132084	19125
8	111379	132117	20738
8	113585	131860	18275
8	114979	131578	16599
8	114963	132036	17073
8	112418	132160	19742
8	112919	131862	18943
8	115351	131788	16437
8	111809	132244	20435
8	110319	131886	21567
8	114530	131645	17115
8	115434	131816	16382
8	115299	131919	16620
8	109700	132101	22401
8	112877	132166	19289
8	113299	131967	18668
8	112974	132120	19146
8	112632	131854	19222
8	110173	132151	21978
8	114025	132077	18052
8	111089	132031	20942
8	113953	132069	18116
8	115153	131645	16492
8	113864	131779	17915
8	112302	132007	19705
8	113656	132054	18398
8	112584	132288	19704
8	111567	132151	20584
8	110447	132211	21764
8	112423	131793	19370
8	111436	132093	20657
8	112488	132019	19531
8	115144	131931	16787
8	109637	131939	22302
8	113588	132185	18597
8	115603	132026	16423
8	108519	132323	23804
8	109721	132069	22348
9	109548	132019	22471
9	110717	132032	21315
9	111907	132128	20221
9	114492	131798	17306
9	111804	131993	20189
9	113203	131940	18737
9	110861	132116	21255
9	110279	132168	21889
9	113362	132204	18842
9	112518	132068	19550
9	111111	132181	21070
9	111100	132228	21128
9	110876	131894	21018
9	111867	132239	20372
9	113035	132308	19273
9	111226	132189	20963
9	113638	131999	18361
9	112959	132072	19113
9	111862	132132	20270
9	114048	131794	17746
9	114544	131797	17253
9	114178	132251	18073
9	111449	132213	20764
9	109545	132256	22711
9	112911	131954	19043
9	113283	131947	18664
9	112435	131971	19536
9	110582	132054	21472
9	111503	131927	20424
9	110408	132291	21883
9	111768	132171	20403
9	110257	132288	22031
9	112334	132197	19863
9	112038	132081	20043
9	108454	132237	23783
9	110477	132075	21598
9	113868	131784	17916
9	113589	132202	18613
9	112393	132286	19893
9	114312	132186	17874
9	113589	132131	18542
9	109527	132029	22502
9	112149	132339	20190
9	112461	132133	19672
9	113486	132171	18685
9	112881	132085	19204
9	111738	132142	20404
9	110231	132257	22026
9	111615	131881	20266
9	114296	132043	17747
9	110071	132376	22305
9	111884	131971	20087
9	112314	132092	19778
9	107534	132112	24578
10	106212	132375	26163
10	110014	132126	22112
10	110486	132246	21760
10	111551	132211	20660
10	112739	132143	19404
10	110452	132249	21797
10	111873	132192	20319
10	111257	132241	20984
10	111079	132095	21016
10	110301	132143	21842
10	112818	132064	19246
10	111174	132112	20938
10	108877	132298	23421
10	109951	132381	22430
10	114281	132098	17817
10	111148	132172	21024
10	112230	132178	19948
10	110397	132057	21660
10	113998	132195	18197
10	111339	132256	20917
10	112630	132267	19637
10	112603	131993	19390
10	110855	132062	21207
10	109468	132233	22765
10	110917	132067	21150
10	109711	132238	22527
10	110723	132168	21445
10	113391	131735	18344
10	112286	132053	19767
10	112724	132247	19523
10	111723	132035	20312
10	112977	131960	18983
10	111385	132081	20696
10	111966	132280	20314
10	112612	132142	19530
10	111943	132050	20107
10	110977	132126	21149
10	107345	132210	24865
10	109200	132304	23104
10	115082	131957	16875
10	110833	132200	21367
10	111927	132308	20381
10	112165	132152	19987
10	112155	132194	20039
10	110349	132229	21880
10	107974	132394	24420
10	112999	132086	19087
10	109883	132277	22394
10	110192	132196	22004
10	113396	132361	18965
10	111630	132281	20651
10	110656	132048	21392
10	110543	132100	21557
10	104013	132398	28385
11	109719	132229	22510
11	105296	132341	27045
11	110270	132280	22010
11	110726	132186	21460
11	108444	132437	23993
11	108230	132271	24041
11	113632	132141	18509
11	106286	132412	26126
11	111551	132146	20595
11	109313	132330	23017
11	108677	132254	23577
11	111338	132216	20878
11	111207	132227	21020
11	108017	132333	24316
11	111157	132235	21078
11	108237	132383	24146
11	110854	132017	21163
11	108583	132343	23760
11	109480	132111	22631
11	107467	132395	24928
11	109383	132280	22897
11	111734	132120	20386
11	107421	132390	24969
11	111247	132256	21009
11	110546	132274	21728
11	105153	132415	27262
11	110730	132235	21505
11	110917	132321	21404
11	110239	132373	22134
11	108008	132154	24146
11	110371	132296	21925
11	108103	132361	24258
11	111618	132190	20572
11	110155	132317	22162
11	109833	132226	22393
11	110913	132117	21204
11	110610	132116	21506
11	111065	132257	21192
11	109037	132328	23291
11	110890	132248	21358
11	107209	132349	25140
11	108487	132299	23812
11	110370	132370	22000
11	110826	132184	21358
11	110722	132194	21472
11	109010	132289	23279
11	106009	132317	26308
11	109993	132280	22287
11	107219	132390	25171
11	109741	132421	22680
11	113117	132134	19017
11	109147	132321	23174
11	106851	132313	25462
11	106982	132275	25293
12	108445	132280	23835
12	111046	132179	21133
12	112079	132255	20176
12	106551	132414	25863
12	109512	132327	22815
12	110316	132283	21967
12	109980	132277	22297
12	111731	132282	20551
12	107597	132458	24861
12	109527	132326	22799
12	106971	132269	25298
12	107379	132201	24822
12	109546	132023	22477
12	110405	132088	21683
12	106980	132355	25375
12	108845	132366	23521
12	109750	132418	22668
12	112283	132168	19885
12	105888	132398	26510
12	109314	132305	22991
12	108637	132419	23782
12	108368	132445	24077
12	107777	132272	24495
12	111464	132210	20746
12	111108	132219	21111
12	108557	132496	23939
12	107614	132346	24732
12	107991	132394	24403
12	112676	132225	19549
12	109560	132366	22806
12	110153	132170	22017
12	105881	132283	26402
12	106931	132235	25304
12	104363	132474	28111
12	109631	132328	22697
12	110702	132423	21721
12	107893	132197	24304
12	110643	132287	21644
12	108489	132275	23786
12	108499	132292	23793
12	111561	132363	20802
12	105455	132347	26892
12	107754	132318	24564
12	107784	132205	24421
12	110308	132252	21944
12	107350	132403	25053
12	109343	132238	22895
12	109636	132386	22750
12	108931	132431	23500
12	106931	132372	25441
12	111099	132374	21275
12	111060	132024	20964
12	110478	132266	21788
12	109159	132381	23222
13	110058	132290	22232
13	110278	132283	22005
13	108055	132210	24155
13	106518	132306	25788
13	108002	132283	24281
13	110736	132315	21579
13	106792	132302	25510
13	107234	132297	25063
13	106867	132229	25362
13	107992	132318	24326
13	110448	132336	21888
13	106225	132454	26229
13	106479	132440	25961
13	109764	132384	22620
13	108191	132458	24267
13	105629	132508	26879
13	110368	132252	21884
13	107222	132438	25216
13	109550	132338	22788
13	110790	132289	21499
13	108225	132193	23968
13	111041	132257	21216
13	109538	132037	22499
13	107031	132380	25349
13	105977	132468	26491
13	107716	132278	24562
13	107460	132401	24941
13	108232	132348	24116
13	104910	132413	27503
13	108015	132377	24362
13	110272	132129	21857
13	108327	132410	24083
13	110998	132019	21021
13	107587	132352	24765
13	109651	132358	22707
13	111572	132408	20836
13	105399	132435	27036
13	108604	132381	23777
13	111343	132066	20723
13	109740	132298	22558
13	105970	132300	26330
13	107510	132428	24918
13	108323	132335	24012
13	107167	132457	25290
13	105941	132333	26392
13	107569	132456	24887
13	107079	132396	25317
13	111937	132147	20210
13	105926	132436	26510
13	108464	132278	23814
13	108262	132346	24084
13	109911	132335	22424
13	108515	132377	23862
13	106222	132288	26066
14	112179	132344	20165
14	108890	132327	23437
14	106965	132276	25311
14	106539	132450	25911
14	108592	132354	23762
14	104662	132494	27832
14	107467	132478	25011
14	108396	132416	24020
14	109969	132320	22351
14	109804	132510	22706
14	108578	132304	23726
14	107936	132323	24387
14	111938	132205	20267
14	111200	132205	21005
14	106986	132421	25435
14	104163	132520	28357
14	107395	132457	25062
14	107031	132392	25361
14	108850	132282	23432
14	109892	132250	22358
14	107817	132460	24643
14	108895	132379	23484
14	107443	132360	24917
14	107668	132380	24712
14	106633	132474	25841
14	106732	132400	25668
14	106617	132459	25842
14	106692	132536	25844
14	107177	132409	25232
14	109540	132330	22790
14	108421	132439	24018
14	109156	132348	23192
14	106906	132421	25515
14	105013	132471	27458
14	109471	132356	22885
14	109382	132337	22955
14	104564	132394	27830
14	105295	132510	27215
14	108020	132290	24270
14	109233	132332	23099
14	108281	132354	24073
14	107863	132410	24547
14	105614	132447	26833
14	110010	132161	22151
14	107381	132371	24990
14	112473	132284	19811
14	106589	132473	25884
14	108785	132425	23640
14	107968	132296	24328
14	107085	132414	25329
14	107006	132380	25374
14	105088	132377	27289
14	110009	132253	22244
14	106251	132425	26174
15	111084	132317	21233
15	112094	132171	20077
15	107833	132353	24520
15	106654	132431	25777
15	111575	132282	20707
15	107804	132377	24573
15	106864	132524	25660
15	107069	132385	25316
15	108216	132315	24099
15	107485	132421	24936
15	106606	132368	25762
15	104141	132519	28378
15	104862	132407	27545
15	106641	132394	25753
15	107394	132486	25092
15	109941	132270	22329
15	108643	132327	23684
15	105916	132491	26575
15	106707	132469	25762
15	109311	132407	23096
15	110377	132324	21947
15	106155	132419	26264
15	107312	132413	25101
15	108940	132460	23520
15	107701	132213	24512
15	108190	132432	24242
15	106669	132483	25814
15	105146	132504	27358
15	109905	132361	22456
15	108327	132259	23932
15	110295	132006	21711
15	105197	132511	27314
15	108901	132270	23369
15	108760	132445	23685
15	107740	132457	24717
15	108048	132512	24464
15	107258	132220	24962
15	107952	132417	24465
15	110625	132419	21794
15	104985	132426	27441
15	109424	132246	22822
15	102806	132525	29719
15	107298	132423	25125
15	106834	132432	25598
15	108291	132386	24095
15	110525	132281	21756
15	107288	132438	25150
15	106987	132417	25430
15	105621	132499	26878
15	103640	132442	28802
15	111287	132238	20951
15	106821	132365	25544
15	109085	132331	23246
15	109028	132305	23277
16	106486	132471	25985
16	107514	132409	24895
16	108229	132514	24285
16	107875	132417	24542
16	105171	132501	27330
16	106644	132503	25859
16	105941	132380	26439
16	106012	132429	26417
16	108478	132241	23763
16	107059	132332	25273
16	107735	132361	24626
16	106583	132384	25801
16	106467	132304	25837
16	106309	132465	26156
16	105899	132457	26558
16	106561	132497	25936
16	107506	132429	24923
16	109582	132397	22815
16	105967	132390	26423
16	107019	132415	25396
16	106467	132428	25961
16	105163	132520	27357
16	104690	132474	27784
16	109309	132363	23054
16	107890	132426	24536
16	104406	132416	28010
16	106956	132469	25513
16	104322	132527	28205
16	106367	132466	26099
16	109524	132330	22806
16	102872	132491	29619
16	107948	132443	24495
16	107535	132354	24819
16	104672	132520	27848
16	108525	132437	23912
16	106718	132395	25677
16	108334	132348	24014
16	107158	132469	25311
16	108255	132427	24172
16	107806	132271	24465
16	104005	132522	28517
16	106238	132491	26253
16	107864	132455	24591
16	107473	132321	24848
16	107568	132391	24823
16	108485	132438	23953
16	108934	132363	23429
16	106385	132420	26035
16	107411	132317	24906
16	104481	132516	28035
16	105240	132400	27160
16	104379	132494	28115
16	104773	132564	27791
16	105232	132438	27206
17	108120	132411	24291
17	107727	132330	24603
17	109790	132438	22648
17	107002	132445	25443
17	107508	132481	24973
17	107565	132428	24863
17	105216	132500	27284
17	104329	132580	28251
17	104000	132531	28531
17	108486	132444	23958
17	108039	132379	24340
17	107071	132363	25292
17	108856	132341	23485
17	109422	132425	23003
17	105636	132512	26876
17	107141	132442	25301
17	104441	132398	27957
17	109002	132432	23430
17	102901	132588	29687
17	106958	132420	25462
17	109173	132395	23222
17	107800	132378	24578
17	109499	132336	22837
17	106975	132420	25445
17	108168	132273	24105
17	106058	132553	26495
17	106000	132567	26567
17	108763	132312	23549
17	109933	132286	22353
17	108455	132353	23898
17	105036	132556	27520
17	104726	132456	27730
17	106055	132477	26422
17	106262	132343	26081
17	106199	132484	26285
17	108450	132345	23895
17	105036	132522	27486
17	105863	132517	26654
17	102730	132512	29782
17	111294	132412	21118
17	106881	132353	25472
17	106917	132451	25534
17	106186	132439	26253
17	106211	132452	26241
17	105954	132496	26542
17	108012	132367	24355
17	107506	132360	24854
17	104808	132533	27725
17	104963	132415	27452
17	104397	132513	28116
17	105301	132613	27312
17	107444	132394	24950
17	103848	132491	28643
17	102448	132537	30089
18	103166	132450	29284
18	106814	132472	25658
18	103510	132573	29063
18	106438	132504	26066
18	105567	132475	26908
18	103794	132558	28764
18	105788	132464	26676
18	104578	132507	27929
18	102327	132505	30178
18	108838	132335	23497
18	108289	132400	24111
18	103239	132465	29226
18	104869	132457	27588
18	105260	132559	27299
18	103378	132460	29082
18	104843	132415	27572
18	106533	132457	25924
18	107677	132391	24714
18	107877	132482	24605
18	104833	132438	27605
18	110272	132223	21951
18	103978	132486	28508
18	104853	132402	27549
18	107079	132490	25411
18	107814	132475	24661
18	103905	132479	28574
18	105202	132564	27362
18	107013	132489	25476
18	105674	132423	26749
18	104470	132536	28066
18	105222	132508	27286
18	103917	132471	28554
18	105220	132463	27243
18	107673	132434	24761
18	104977	132381	27404
18	106874	132409	25535
18	105302	132429	27127
18	104943	132447	27504
18	101932	132546	30614
18	108419	132394	23975
18	107079	132474	25395
18	107117	132505	25388
18	107363	132405	25042
18	109058	132295	23237
18	108735	132303	23568
18	104754	132534	27780
18	107477	132347	24870
18	104451	132351	27900
18	102843	132506	29663
18	102439	132547	30108
18	107732	132493	24761
18	104042	132475	28433
18	103894	132410	28516
18	109232	132369	23137
19	104397	132381	27984
19	108099	132318	24219
19	105533	132544	27011
19	108362	132479	24117
19	102794	132563	29769
19	105288	132542	27254
19	103208	132523	29315
19	106141	132455	26314
19	105025	132509	27484
19	106645	132439	25794
19	104227	132600	28373
19	109028	132405	23377
19	104094	132470	28376
19	106349	132445	26096
19	106003	132463	26460
19	105946	132478	26532
19	103805	132585	28780
19	107043	132546	25503
19	105462	132541	27079
19	104252	132465	28213
19	103343	132533	29190
19	103963	132525	28562
19	102835	132536	29701
19	107689	132461	24772
19	104716	132530	27814
19	106229	132546	26317
19	104428	132408	27980
19	108038	132376	24338
19	105655	132521	26866
19	108192	132392	24200
19	105566	132531	26965
19	106148	132513	26365
19	101792	132552	30760
19	103793	132513	28720
19	106901	132477	25576
19	106194	132388	26194
19	104762	132423	27661
19	104217	132475	28258
19	103590	132506	28916
19	105562	132433	26871
19	106542	132412	25870
19	103138	132510	29372
19	100959	132574	31615
19	105011	132459	27448
19	106478	132446	25968
19	108454	132450	23996
19	108161	132449	24288
19	107158	132441	25283
19	105416	132493	27077
19	104224	132520	28296
19	105962	132396	26434
19	105141	132482	27341
19	104326	132567	28241
19	104982	132530	27548
20	106518	132418	25900
20	106717	132546	25829
20	104030	132477	28447
20	106079	132540	26461
20	105057	132487	27430
20	107597	132480	24883
20	107891	132371	24480
20	104924	132417	27493
20	103480	132580	29100
20	103351	132523	29172
20	104032	132539	28507
20	103288	132558	29270
20	109078	132331	23253
20	104052	132457	28405
20	105553	132431	26878
20	106005	132566	26561
20	105363	132519	27156
20	105892	132493	26601
20	103522	132598	29076
20	107067	132432	25365
20	105760	132494	26734
20	102889	132557	29668
20	107591	132532	24941
20	105510	132533	27023
20	106254	132478	26224
20	100949	132562	31613
20	102690	132548	29858
20	104026	132524	28498
20	104803	132468	27665
20	103212	132471	29259
20	102433	132598	30165
20	104370	132507	28137
20	103578	132481	28903
20	105140	132516	27376
20	105511	132490	26979
20	106042	132520	26478
20	106731	132498	25767
20	103722	132545	28823
20	103603	132562	28959
20	108341	132458	24117
20	107715	132462	24747
20	106091	132434	26343
20	103164	132448	29284
20	102740	132492	29752
20	105784	132519	26735
20	104379	132560	28181
20	104535	132473	27938
20	102567	132576	30009
20	104321	132468	28147
20	104980	132555	27575
20	107106	132433	25327
20	103205	132499	29294
20	105463	132503	27040
20	104573	132444	27871
21	104673	132421	27748
21	104451	132499	28048
21	104685	132494	27809
21	106241	132361	26120
21	105386	132578	27192
21	102937	132519	29582
21	102974	132599	29625
21	104511	132597	28086
21	103682	132533	28851
21	102105	132515	30410
21	103715	132521	28806
21	105302	132498	27196
21	104116	132518	28402
21	102618	132506	29888
21	102549	132494	29945
21	105055	132595	27540
21	102845	132546	29701
21	101972	132572	30600
21	104281	132568	28287
21	99511	132633	33122
21	101832	132567	30735
21	106991	132433	25442
21	105062	132509	27447
21	103401	132606	29205
21	104115	132505	28390
21	104534	132551	28017
21	104165	132502	28337
21	107224	132367	25143
21	105121	132533	27412
21	106082	132558	26476
21	105620	132571	26951
21	103647	132530	28883
21	104137	132599	28462
21	102906	132592	29686
21	103472	132473	29001
21	102453	132501	30048
21	105776	132552	26776
21	102407	132638	30231
21	105727	132479	26752
21	105277	132410	27133
21	105819	132504	26685
21	109286	132332	23046
21	101825	132620	30795
21	103519	132474	28955
21	106321	132467	26146
21	102458	132476	30018
21	104015	132487	28472
21	104774	132523	27749
21	101638	132544	30906
21	105944	132459	26515
21	103089	132500	29411
21	103588	132521	28933
21	101001	132617	31616
21	105061	132448	27387
22	99312	132609	33297
22	103919	132590	28671
22	100947	132552	31605
22	105854	132496	26642
22	103212	132531	29319
22	104060	132489	28429
22	103634	132553	28919
22	101815	132523	30708
22	102823	132553	29730
22	103732	132500	28768
22	101106	132558	31452
22	107672	132495	24823
22	103838	132474	28636
22	104303	132613	28310
22	102175	132550	30375
22	104996	132470	27474
22	105868	132511	26643
22	105680	132536	26856
22	104288	132557	28269
22	103620	132606	28986
22	102690	132600	29910
22	100971	132543	31572
22	104416	132504	28088
22	102717	132622	29905
22	102514	132506	29992
22	103687	132627	28940
22	105345	132521	27176
22	103861	132597	28736
22	103973	132563	28590
22	103862	132444	28582
22	104051	132488	28437
22	104645	132429	27784
22	105944	132404	26460
22	103287	132605	29318
22	104094	132513	28419
22	104954	132543	27589
22	105976	132531	26555
22	102544	132487	29943
22	102721	132527	29806
22	101006	132622	31616
22	102568	132573	30005
22	100791	132597	31806
22	104794	132513	27719
22	106392	132605	26213
22	104680	132575	27895
22	102728	132590	29862
22	103262	132553	29291
22	103789	132484	28695
22	104654	132527	27873
22	105477	132473	26996
22	107010	132486	25476
22	103222	132548	29326
22	102804	132607	29803
22	103510	132537	29027
23	102744	132487	29743
23	104821	132487	27666
23	103280	132570	29290
23	104793	132594	27801
23	102392	132581	30189
23	103218	132479	29261
23	102425	132590	30165
23	104064	132540	28476
23	104996	132577	27581
23	104965	132495	27530
23	104194	132541	28347
23	104293	132599	28306
23	104066	132567	28501
23	104710	132591	27881
23	103130	132583	29453
23	101454	132551	31097
23	103365	132533	29168
23	102691	132554	29863
23	103920	132571	28651
23	104600	132583	27983
23	104774	132539	27765
23	105603	132556	26953
23	103234	132557	29323
23	103571	132584	29013
23	101938	132583	30645
23	103451	132573	29122
23	105307	132461	27154
23	104254	132472	28218
23	101294	132576	31282
23	103079	132622	29543
23	104767	132566	27799
23	102773	132565	29792
23	104423	132586	28163
23	102320	132589	30269
23	105069	132599	27530
23	102813	132539	29726
23	101054	132612	31558
23	104708	132522	27814
23	104963	132587	27624
23	103559	132605	29046
23	103923	132554	28631
23	104465	132381	27916
23	106146	132464	26318
23	102730	132587	29857
23	105035	132513	27478
23	105525	132550	27025
23	107335	132461	25126
23	102536	132571	30035
23	101238	132601	31363
23	102144	132566	30422
23	100378	132591	32213
23	105105	132586	27481
23	103109	132590	29481
23	102742	132481	29739
24	102196	132520	30324
24	102457	132505	30048
24	104843	132567	27724
24	102308	132542	30234
24	101374	132588	31214
24	105038	132612	27574
24	101865	132548	30683
24	104196	132514	28318
24	102152	132601	30449
24	102316	132583	30267
24	100622	132602	31980
24	103841	132541	28700
24	102862	132487	29625
24	103842	132548	28706
24	101446	132622	31176
24	105730	132516	26786
24	101758	132567	30809
24	99032	132625	33593
24	101794	132627	30833
24	101507	132489	30982
24	101933	132590	30657
24	100809	132591	31782
24	103081	132559	29478
24	102801	132586	29785
24	101336	132603	31267
24	106497	132525	26028
24	104112	132604	28492
24	103303	132607	29304
24	102488	132555	30067
24	100990	132549	31559
24	100784	132587	31803
24	106537	132536	25999
24	104618	132649	28031
24	101122	132622	31500
24	103151	132483	29332
24	104407	132488	28081
24	102029	132598	30569
24	105923	132511	26588
24	103063	132596	29533
24	105951	132529	26578
24	101681	132600	30919
24	103897	132613	28716
24	101347	132630	31283
24	107258	132497	25239
24	105984	132507	26523
24	101549	132581	31032
24	101650	132586	30936
24	101088	132562	31474
24	102719	132519	29800
24	102248	132588	30340
24	102866	132519	29653
24	103985	132503	28518
24	101909	132600	30691
24	103210	132548	29338
25	102026	132610	30584
25	105203	132481	27278
25	100176	132628	32452
25	100510	132633	32123
25	102943	132585	29642
25	104789	132532	27743
25	101177	132619	31442
25	102808	132587	29779
25	108403	132537	24134
25	102813	132598	29785
25	103521	132590	29069
25	100576	132594	32018
25	105626	132449	26823
25	104139	132579	28440
25	103029	132546	29517
25	104249	132615	28366
25	101651	132514	30863
25	101898	132583	30685
25	104120	132550	28430
25	103107	132616	29509
25	102412	132612	30200
25	102855	132578	29723
25	102843	132580	29737
25	106963	132528	25565
25	100892	132573	31681
25	100220	132610	32390
25	105265	132468	27203
25	103755	132595	28840
25	101216	132600	31384
25	103183	132562	29379
25	104103	132633	28530
25	103161	132567	29406
25	101404	132544	31140
25	101014	132570	31556
25	103924	132579	28655
25	105410	132506	27096
25	100789	132603	31814
25	100861	132630	31769
25	105082	132599	27517
25	101776	132556	30780
25	105014	132496	27482
25	101141	132623	31482
25	106480	132444	25964
25	99962	132583	32621
25	102788	132569	29781
25	104908	132594	27686
25	99763	132585	32822
25	99489	132616	33127
25	100917	132588	31671
25	106044	132498	26454
25	100504	132636	32132
25	105058	132463	27405
25	103864	132554	28690
25	101838	132526	30688
26	102005	132570	30565
26	103246	132598	29352
26	100245	132578	32333
26	101166	132569	31403
26	103662	132529	28867
26	102583	132597	30014
26	101000	132609	31609
26	100949	132563	31614
26	105051	132508	27457
26	103255	132595	29340
26	101680	132490	30810
26	103686	132523	28837
26	101648	132593	30945
26	100136	132646	32510
26	103590	132539	28949
26	103485	132581	29096
26	101310	132597	31287
26	104044	132499	28455
26	101533	132584	31051
26	103109	132574	29465
26	105746	132605	26859
26	100217	132591	32374
26	102256	132583	30327
26	105270	132491	27221
26	100273	132543	32270
26	103226	132588	29362
26	103577	132540	28963
26	102178	132508	30330
26	102352	132555	30203
26	105013	132502	27489
26	102224	132619	30395
26	99493	132631	33138
26	101405	132577	31172
26	101187	132541	31354
26	104058	132564	28506
26	100966	132579	31613
26	104204	132546	28342
26	100931	132521	31590
26	100169	132589	32420
26	100457	132564	32107
26	99719	132660	32941
26	103281	132597	29316
26	100816	132611	31795
26	101203	132638	31435
26	102487	132564	30077
26	100494	132628	32134
26	102269	132618	30349
26	104092	132590	28498
26	101572	132594	31022
26	98447	132606	34159
26	100978	132578	31600
26	105890	132516	26626
26	103186	132573	29387
26	103636	132575	28939
27	106397	132426	26029
27	99639	132578	32939
27	101503	132601	31098
27	101781	132622	30841
27	101556	132588	31032
27	101449	132581	31132
27	102486	132639	30153
27	100679	132592	31913
27	100671	132623	31952
27	100214	132612	32398
27	103913	132581	28668
27	102771	132585	29814
27	100788	132595	31807
27	102100	132619	30519
27	105396	132457	27061
27	104260	132587	28327
27	99921	132619	32698
27	102352	132587	30235
27	102259	132602	30343
27	100438	132650	32212
27	102051	132622	30571
27	103623	132534	28911
27	100262	132616	32354
27	102263	132571	30308
27	102542	132592	30050
27	101993	132512	30519
27	100816	132619	31803
27	100347	132649	32302
27	99853	132589	32736
27	100514	132636	32122
27	99918	132564	32646
27	101170	132582	31412
27	100623	132647	32024
27	100026	132662	32636
27	105479	132616	27137
27	102448	132630	30182
27	104629	132526	27897
27	100938	132506	31568
27	105359	132518	27159
27	103763	132564	28801
27	101420	132614	31194
27	102810	132626	29816
27	104218	132576	28358
27	102691	132570	29879
27	102779	132602	29823
27	101339	132611	31272
27	103820	132497	28677
27	101030	132599	31569
27	99953	132629	32676
27	101758	132557	30799
27	100291	132611	32320
27	101895	132639	30744
27	99720	132637	32917
27	101153	132568	31415
28	103038	132502	29464
28	102673	132627	29954
28	102870	132587	29717
28	105676	132543	26867
28	101286	132628	31342
28	100147	132607	32460
28	102470	132629	30159
28	101999	132623	30624
28	101682	132558	30876
28	101416	132529	31113
28	102579	132537	29958
28	102661	132597	29936
28	102709	132529	29820
28	102587	132566	29979
28	102814	132605	29791
28	100395	132633	32238
28	103249	132554	29305
28	100033	132648	32615
28	102948	132615	29667
28	102905	132534	29629
28	99696	132665	32969
28	100977	132629	31652
28	103708	132541	28833
28	102262	132586	30324
28	99834	132623	32789
28	99956	132625	32669
28	101427	132602	31175
28	100923	132581	31658
28	101218	132562	31344
28	101522	132631	31109
28	104706	132556	27850
28	101026	132588	31562
28	101756	132575	30819
28	99021	132625	33604
28	102735	132636	29901
28	102172	132542	30370
28	105795	132514	26719
28	98946	132642	33696
28	102182	132597	30415
28	102408	132628	30220
28	98971	132655	33684
28	103253	132591	29338
28	101042	132594	31552
28	100712	132642	31930
28	100749	132612	31863
28	99054	132655	33601
28	102796	132622	29826
28	98719	132612	33893
28	101379	132529	31150
28	103924	132654	28730
28	100129	132640	32511
28	103819	132503	28684
28	100455	132626	32171
28	102557	132546	29989
29	100303	132596	32293
29	103113	132594	29481
29	101325	132633	31308
29	101152	132611	31459
29	101382	132595	31213
29	101966	132601	30635
29	103147	132574	29427
29	100378	132624	32246
29	99545	132645	33100
29	100644	132613	31969
29	101793	132593	30800
29	101552	132562	31010
29	100815	132538	31723
29	102569	132631	30062
29	102181	132578	30397
29	102191	132618	30427
29	100829	132523	31694
29	101469	132587	31118
29	101370	132666	31296
29	101892	132617	30725
29	103172	132623	29451
29	101186	132493	31307
29	98832	132656	33824
29	100809	132549	31740
29	102180	132561	30381
29	97730	132656	34926
29	100819	132559	31740
29	100006	132633	32627
29	100114	132609	32495
29	100702	132654	31952
29	100831	132583	31752
29	98546	132656	34110
29	101876	132560	30684
29	102166	132630	30464
29	101729	132613	30884
29	100552	132631	32079
29	101436	132622	31186
29	101795	132639	30844
29	100752	132564	31812
29	99939	132623	32684
29	106195	132520	26325
29	101724	132620	30896
29	102630	132592	29962
29	101145	132624	31479
29	100964	132607	31643
29	100256	132638	32382
29	101958	132604	30646
29	101270	132655	31385
29	98479	132628	34149
29	102609	132630	30021
29	99756	132585	32829
29	100665	132627	31962
29	104622	132493	27871
29	101986	132611	30625
30	101144	132612	31468
30	100401	132635	32234
30	105593	132582	26989
30	100921	132555	31634
30	98346	132645	34299
30	100083	132651	32568
30	99707	132624	32917
30	101430	132595	31165
30	102506	132592	30086
30	100324	132604	32280
30	103731	132539	28808
30	101670	132609	30939
30	99667	132589	32922
30	101842	132626	30784
30	100336	132590	32254
30	99421	132641	33220
30	99850	132595	32745
30	101482	132596	31114
30	101024	132591	31567
30	99748	132643	32895
30	101503	132628	31125
30	104167	132533	28366
30	102624	132608	29984
30	99518	132624	33106
30	99505	132624	33119
30	99993	132637	32644
30	101640	132608	30968
30	101156	132610	31454
30	104565	132519	27954
30	101288	132626	31338
30	100657	132615	31958
30	101117	132569	31452
30	102140	132638	30498
30	103502	132597	29095
30	99532	132618	33086
30	101492	132593	31101
30	100838	132663	31825
30	101916	132592	30676
30	100396	132523	32127
30	100804	132624	31820
30	99892	132613	32721
30	101880	132571	30691
30	102269	132594	30325
30	98143	132641	34498
30	100710	132604	31894
30	101362	132574	31212
30	101054	132651	31597
30	97775	132676	34901
30	101246	132579	31333
30	100050	132599	32549
30	100825	132652	31827
30	99405	132587	33182
30	100743	132616	31873
30	100521	132620	32099
31	102288	132624	30336
31	100237	132635	32398
31	98516	132657	34141
31	100414	132615	32201
31	99397	132634	33237
31	101421	132616	31195
31	101172	132664	31492
31	99346	132632	33286
31	98700	132668	33968
31	99242	132652	33410
31	98976	132650	33674
31	100767	132638	31871
31	101956	132593	30637
31	99586	132675	33089
31	100479	132622	32143
31	100237	132597	32360
31	100373	132637	32264
31	100021	132629	32608
31	98441	132665	34224
31	101420	132563	31143
31	100007	132648	32641
31	99026	132652	33626
31	101864	132591	30727
31	100763	132656	31893
31	102680	132624	29944
31	103024	132601	29577
31	100899	132581	31682
31	98572	132651	34079
31	98242	132661	34419
31	99085	132669	33584
31	101826	132631	30805
31	101088	132585	31497
31	100968	132634	31666
31	102415	132601	30186
31	102950	132536	29586
31	101321	132663	31342
31	100722	132596	31874
31	102033	132622	30589
31	102803	132567	29764
31	102202	132574	30372
31	98914	132633	33719
31	102705	132555	29850
31	100786	132597	31811
31	99603	132626	33023
31	99417	132659	33242
31	99966	132562	32596
31	98923	132645	33722
31	98848	132668	33820
31	99141	132632	33491
31	101163	132649	31486
31	102952	132630	29678
31	102638	132629	29991
31	99370	132657	33287
31	100398	132596	32198
32	100045	132599	32554
32	98733	132650	33917
32	101441	132576	31135
32	98654	132633	33979
32	100543	132650	32107
32	99220	132640	33420
32	99278	132634	33356
32	100226	132645	32419
32	98564	132602	34038
32	99473	132627	33154
32	101450	132633	31183
32	103327	132585	29258
32	101791	132608	30817
32	99646	132632	32986
32	99802	132610	32808
32	102523	132648	30125
32	99976	132678	32702
32	99454	132631	33177
32	99237	132652	33415
32	102162	132646	30484
32	101682	132636	30954
32	99563	132657	33094
32	99608	132661	33053
32	97641	132679	35038
32	98976	132648	33672
32	99442	132666	33224
32	101183	132645	31462
32	98284	132638	34354
32	102046	132621	30575
32	100689	132635	31946
32	99180	132665	33485
32	100534	132643	32109
32	99031	132659	33628
32	98968	132639	33671
32	100780	132581	31801
32	99102	132603	33501
32	99610	132639	33029
32	103259	132583	29324
32	100921	132633	31712
32	102684	132634	29950
32	104380	132535	28155
32	102113	132624	30511
32	100357	132616	32259
32	99560	132646	33086
32	96552	132629	36077
32	99702	132617	32915
32	100648	132651	32003
32	103333	132538	29205
32	101532	132614	31082
32	99617	132635	33018
32	100799	132613	31814
32	102787	132513	29726
32	101302	132611	31309
32	99552	132640	33088
33	100886	132633	31747
33	103432	132604	29172
33	100262	132630	32368
33	100806	132660	31854
33	99007	132635	33628
33	101023	132636	31613
33	100146	132618	32472
33	99967	132624	32657
33	103413	132623	29210
33	98362	132663	34301
33	99731	132652	32921
33	98461	132655	34194
33	99267	132655	33388
33	102242	132619	30377
33	97413	132675	35262
33	101236	132628	31392
33	99391	132656	33265
33	97523	132681	35158
33	100389	132650	32261
33	99607	132649	33042
33	102028	132604	30576
33	99824	132668	32844
33	102608	132655	30047
33	100648	132659	32011
33	99325	132652	33327
33	99908	132626	32718
33	98521	132654	34133
33	100409	132654	32245
33	97727	132672	34945
33	98223	132642	34419
33	101427	132599	31172
33	100422	132651	32229
33	102417	132597	30180
33	100688	132637	31949
33	99785	132637	32852
33	100651	132615	31964
33	100581	132646	32065
33	98862	132626	33764
33	102369	132584	30215
33	98857	132662	33805
33	98744	132657	33913
33	96926	132679	35753
33	100055	132622	32567
33	97605	132649	35044
33	98489	132640	34151
33	101349	132650	31301
33	102523	132631	30108
33	99078	132663	33585
33	97680	132682	35002
33	99058	132656	33598
33	101197	132645	31448
33	100729	132648	31919
33	101271	132565	31294
33	102865	132559	29694
34	97496	132643	35147
34	99982	132652	32670
34	100548	132655	32107
34	99324	132676	33352
34	99082	132668	33586
34	99844	132630	32786
34	101459	132587	31128
34	98557	132657	34100
34	100135	132568	32433
34	101110	132623	31513
34	98285	132638	34353
34	98765	132650	33885
34	102068	132650	30582
34	100555	132627	32072
34	99007	132677	33670
34	100462	132623	32161
34	99381	132646	33265
34	98947	132609	33662
34	97795	132654	34859
34	100305	132641	32336
34	97131	132656	35525
34	101033	132650	31617
34	102428	132566	30138
34	101066	132664	31598
34	100026	132586	32560
34	98869	132653	33784
34	100653	132626	31973
34	98256	132687	34431
34	101942	132651	30709
34	99307	132628	33321
34	102167	132636	30469
34	100038	132667	32629
34	98579	132665	34086
34	99275	132642	33367
34	99534	132661	33127
34	99459	132669	33210
34	97689	132666	34977
34	97902	132653	34751
34	98111	132632	34521
34	97552	132668	35116
34	101324	132650	31326
34	101966	132625	30659
34	98799	132663	33864
34	99667	132609	32942
34	98809	132652	33843
34	99911	132630	32719
34	99385	132654	33269
34	101208	132667	31459
34	99901	132658	32757
34	97471	132668	35197
34	100047	132639	32592
34	98735	132678	33943
34	99961	132677	32716
34	97688	132666	34978
35	99369	132678	33309
35	99286	132642	33356
35	103481	132540	29059
35	97890	132677	34787
35	98184	132666	34482
35	101609	132629	31020
35	98778	132643	33865
35	99567	132669	33102
35	101096	132605	31509
35	98971	132648	33677
35	98603	132662	34059
35	99405	132661	33256
35	100253	132619	32366
35	98360	132670	34310
35	101677	132602	30925
35	99338	132670	33332
35	98741	132679	33938
35	100503	132590	32087
35	98567	132637	34070
35	99133	132664	33531
35	98770	132671	33901
35	100211	132628	32417
35	99560	132609	33049
35	99695	132612	32917
35	100540	132673	32133
35	101126	132652	31526
35	98580	132618	34038
35	101732	132633	30901
35	101115	132606	31491
35	100431	132647	32216
35	96988	132689	35701
35	97903	132681	34778
35	99719	132644	32925
35	97206	132635	35429
35	97808	132636	34828
35	97972	132673	34701
35	100389	132584	32195
35	100013	132660	32647
35	98817	132673	33856
35	99094	132684	33590
35	97604	132661	35057
35	98696	132632	33936
35	100153	132605	32452
35	97815	132664	34849
35	98597	132606	34009
35	99252	132655	33403
35	100637	132608	31971
35	102665	132575	29910
35	98176	132656	34480
35	101949	132571	30622
35	100889	132624	31735
35	99598	132615	33017
35	98993	132673	33680
35	98732	132663	33931
36	100595	132648	32053
36	99434	132611	33177
36	96826	132654	35828
36	100084	132607	32523
36	98828	132677	33849
36	100037	132669	32632
36	99024	132584	33560
36	97925	132692	34767
36	97155	132669	35514
36	100344	132624	32280
36	99822	132654	32832
36	99026	132656	33630
36	97181	132649	35468
36	99163	132645	33482
36	97809	132679	34870
36	97764	132686	34922
36	98974	132666	33692
36	100287	132634	32347
36	97863	132666	34803
36	97994	132660	34666
36	100665	132621	31956
36	98185	132624	34439
36	99914	132632	32718
36	97975	132684	34709
36	99482	132643	33161
36	97246	132694	35448
36	97619	132665	35046
36	97253	132695	35442
36	99914	132662	32748
36	98535	132668	34133
36	98464	132693	34229
36	98200	132677	34477
36	99387	132676	33289
36	97943	132675	34732
36	101916	132605	30689
36	102592	132596	30004
36	98196	132670	34474
36	100494	132659	32165
36	98342	132643	34301
36	97940	132653	34713
36	98404	132692	34288
36	98318	132663	34345
36	97479	132659	35180
36	97890	132656	34766
36	99163	132666	33503
36	99200	132659	33459
36	100266	132694	32428
36	97585	132683	35098
36	98298	132671	34373
36	97897	132682	34785
36	99847	132636	32789
36	101642	132583	30941
36	99098	132678	33580
36	100298	132617	32319
37	99590	132676	33086
37	96571	132681	36110
37	100306	132616	32310
37	100346	132684	32338
37	97568	132671	35103
37	99330	132644	33314
37	96945	132687	35742
37	99138	132675	33537
37	97294	132688	35394
37	98400	132643	34243
37	97154	132690	35536
37	98817	132667	33850
37	100663	132595	31932
37	98343	132652	34309
37	100639	132651	32012
37	101094	132644	31550
37	99256	132677	33421
37	96893	132688	35795
37	100508	132568	32060
37	100600	132650	32050
37	98246	132646	34400
37	97046	132672	35626
37	98958	132592	33634
37	100329	132592	32263
37	97177	132679	35502
37	100431	132627	32196
37	98759	132665	33906
37	97442	132658	35216
37	97657	132677	35020
37	99436	132599	33163
37	100885	132677	31792
37	100710	132687	31977
37	98005	132632	34627
37	96640	132651	36011
37	98258	132680	34422
37	97385	132700	35315
37	98290	132681	34391
37	99835	132676	32841
37	96962	132678	35716
37	98549	132672	34123
37	101306	132581	31275
37	97379	132686	35307
37	98636	132677	34041
37	97844	132672	34828
37	99554	132625	33071
37	99743	132654	32911
37	99105	132666	33561
37	97439	132661	35222
37	96454	132691	36237
37	97507	132664	35157
37	98789	132673	33884
37	98823	132652	33829
37	97543	132675	35132
37	98888	132654	33766
38	98126	132695	34569
38	99038	132677	33639
38	100487	132655	32168
38	97771	132677	34906
38	97369	132671	35302
38	97367	132672	35305
38	96734	132665	35931
38	98672	132666	33994
38	96537	132677	36140
38	99607	132605	32998
38	101303	132671	31368
38	98231	132674	34443
38	98157	132680	34523
38	98557	132636	34079
38	99039	132653	33614
38	98761	132680	33919
38	97846	132647	34801
38	97060	132675	35615
38	98040	132661	34621
38	99134	132674	33540
38	99362	132674	33312
38	99164	132660	33496
38	98683	132683	34000
38	101062	132648	31586
38	97568	132683	35115
38	97993	132674	34681
38	100293	132658	32365
38	98428	132664	34236
38	96616	132676	36060
38	99476	132676	33200
38	98496	132669	34173
38	98656	132617	33961
38	99446	132679	33233
38	97366	132686	35320
38	98240	132676	34436
38	99352	132682	33330
38	99613	132679	33066
38	98952	132634	33682
38	97666	132656	34990
38	96865	132702	35837
38	97544	132644	35100
38	98636	132658	34022
38	100937	132621	31684
38	99075	132697	33622
38	97644	132674	35030
38	97782	132671	34889
38	99502	132600	33098
38	99639	132648	33009
38	98815	132681	33866
38	98774	132666	33892
38	98737	132665	33928
38	101619	132681	31062
38	97971	132668	34697
38	98905	132648	33743
39	97889	132671	34782
39	98874	132668	33794
39	95990	132678	36688
39	98584	132677	34093
39	97892	132670	34778
39	99388	132658	33270
39	100044	132583	32539
39	97600	132685	35085
39	96950	132668	35718
39	98097	132695	34598
39	100708	132649	31941
39	99752	132684	32932
39	98403	132662	34259
39	97909	132678	34769
39	97227	132683	35456
39	97616	132680	35064
39	99015	132649	33634
39	98963	132691	33728
39	98982	132654	33672
39	100010	132654	32644
39	97677	132678	35001
39	96912	132687	35775
39	96640	132667	36027
39	97934	132656	34722
39	96982	132683	35701
39	97057	132684	35627
39	100669	132660	31991
39	96870	132679	35809
39	97766	132684	34918
39	100138	132674	32536
39	99185	132682	33497
39	98585	132690	34105
39	97725	132667	34942
39	99661	132664	33003
39	97054	132686	35632
39	100826	132598	31772
39	97448	132676	35228
39	99127	132660	33533
39	99166	132644	33478
39	97440	132657	35217
39	97356	132649	35293
39	97731	132675	34944
39	99696	132667	32971
39	97017	132659	35642
39	98327	132688	34361
39	99537	132644	33107
39	98641	132644	34003
39	96947	132683	35736
39	99553	132678	33125
39	98357	132667	34310
39	99103	132640	33537
39	97589	132648	35059
39	98436	132661	34225
39	100448	132625	32177
40	98791	132609	33818
40	98346	132701	34355
40	98571	132660	34089
40	99198	132609	33411
40	97351	132689	35338
40	97121	132665	35544
40	99892	132646	32754
40	97800	132661	34861
40	97472	132682	35210
40	97670	132658	34988
40	98348	132686	34338
40	97187	132672	35485
40	101406	132682	31276
40	98436	132688	34252
40	97385	132687	35302
40	96516	132667	36151
40	97687	132693	35006
40	95789	132681	36892
40	96336	132708	36372
40	98400	132684	34284
40	98068	132670	34602
40	101139	132646	31507
40	98425	132655	34230
40	96423	132684	36261
40	96852	132676	35824
40	100644	132646	32002
40	98194	132677	34483
40	98808	132677	33869
40	98642	132607	33965
40	99801	132672	32871
40	97606	132663	35057
40	98187	132645	34458
40	97270	132669	35399
40	98503	132664	34161
40	100046	132671	32625
40	97981	132599	34618
40	98231	132679	34448
40	96001	132677	36676
40	98791	132637	33846
40	100006	132662	32656
40	98312	132631	34319
40	96545	132683	36138
40	96974	132695	35721
40	98295	132676	34381
40	98513	132618	34105
40	97889	132674	34785
40	99224	132597	33373
40	96894	132706	35812
40	98974	132655	33681
40	99390	132599	33209
40	97219	132659	35440
40	97453	132694	35241
40	98398	132618	34220
40	96845	132690	35845
41	96788	132676	35888
41	97354	132671	35317
41	99034	132650	33616
41	96690	132664	35974
41	97478	132687	35209
41	98182	132677	34495
41	96264	132690	36426
41	98694	132683	33989
41	99365	132677	33312
41	97070	132688	35618
41	97394	132696	35302
41	97187	132692	35505
41	98783	132676	33893
41	97202	132691	35489
41	96548	132689	36141
41	96086	132692	36606
41	99308	132667	33359
41	99076	132665	33589
41	100201	132660	32459
41	97907	132670	34763
41	97007	132679	35672
41	97024	132696	35672
41	97712	132666	34954
41	97403	132683	35280
41	101442	132595	31153
41	96217	132684	36467
41	96415	132677	36262
41	97876	132606	34730
41	98165	132687	34522
41	96925	132690	35765
41	96567	132700	36133
41	99409	132663	33254
41	98264	132652	34388
41	96759	132678	35919
41	96625	132672	36047
41	95877	132683	36806
41	98513	132671	34158
41	97786	132699	34913
41	96630	132704	36074
41	97688	132681	34993
41	97189	132699	35510
41	97045	132683	35638
41	97389	132687	35298
41	96451	132703	36252
41	97717	132680	34963
41	98165	132680	34515
41	98612	132675	34063
41	96435	132692	36257
41	97678	132667	34989
41	96987	132677	35690
41	97500	132674	35174
41	99396	132657	33261
41	97952	132704	34752
41	99527	132670	33143
42	97652	132684	35032
42	97990	132663	34673
42	97049	132695	35646
42	98961	132671	33710
42	98756	132683	33927
42	95967	132696	36729
42	96580	132704	36124
42	97548	132692	35144
42	97658	132687	35029
42	96779	132690	35911
42	99967	132650	32683
42	97733	132681	34948
42	96644	132673	36029
42	96431	132696	36265
42	97258	132692	35434
42	96005	132674	36669
42	98638	132691	34053
42	98155	132683	34528
42	98193	132681	34488
42	96218	132699	36481
42	97106	132655	35549
42	95954	132686	36732
42	96050	132705	36655
42	96683	132695	36012
42	96948	132686	35738
42	96072	132698	36626
42	95845	132704	36859
42	98342	132704	34362
42	96321	132699	36378
42	97297	132699	35402
42	95937	132687	36750
42	98085	132648	34563
42	97599	132682	35083
42	96520	132703	36183
42	97083	132681	35598
42	98683	132664	33981
42	97399	132696	35297
42	97370	132668	35298
42	97142	132684	35542
42	97492	132645	35153
42	96913	132686	35773
42	96557	132684	36127
42	98175	132685	34510
42	98358	132660	34302
42	96505	132675	36170
42	97016	132691	35675
42	97395	132700	35305
42	97351	132677	35326
42	96497	132703	36206
42	99191	132595	33404
42	96940	132697	35757
42	98243	132686	34443
42	98787	132672	33885
42	96451	132699	36248
43	96526	132698	36172
43	98465	132674	34209
43	98500	132681	34181
43	98598	132679	34081
43	96051	132699	36648
43	96613	132685	36072
43	95645	132708	37063
43	98874	132691	33817
43	96883	132676	35793
43	97095	132674	35579
43	97268	132673	35405
43	98223	132613	34390
43	97364	132705	35341
43	97191	132694	35503
43	98142	132693	34551
43	99375	132680	33305
43	98211	132696	34485
43	96452	132683	36231
43	97462	132694	35232
43	98808	132668	33860
43	98011	132635	34624
43	96453	132693	36240
43	95990	132695	36705
43	96398	132684	36286
43	97934	132694	34760
43	97445	132691	35246
43	96316	132712	36396
43	96091	132705	36614
43	97824	132676	34852
43	100446	132628	32182
43	98356	132670	34314
43	96601	132689	36088
43	98935	132630	33695
43	95815	132710	36895
43	98862	132676	33814
43	97451	132701	35250
43	96658	132692	36034
43	96874	132691	35817
43	96207	132698	36491
43	97513	132668	35155
43	96247	132673	36426
43	95763	132712	36949
43	99208	132687	33479
43	97972	132676	34704
43	98424	132656	34232
43	97385	132654	35269
43	96715	132686	35971
43	99250	132674	33424
43	96190	132698	36508
43	97814	132681	34867
43	96699	132700	36001
43	97879	132687	34808
43	98159	132669	34510
43	96447	132685	36238
44	96329	132691	36362
44	95849	132708	36859
44	96709	132684	35975
44	96936	132706	35770
44	97086	132677	35591
44	95830	132710	36880
44	96579	132704	36125
44	96313	132697	36384
44	96447	132708	36261
44	96940	132690	35750
44	97325	132684	35359
44	96070	132699	36629
44	96434	132670	36236
44	97178	132693	35515
44	96156	132705	36549
44	96845	132684	35839
44	97914	132677	34763
44	98740	132697	33957
44	97597	132684	35087
44	97137	132686	35549
44	96101	132695	36594
44	97062	132679	35617
44	96889	132688	35799
44	97193	132678	35485
44	96623	132674	36051
44	97128	132711	35583
44	98080	132660	34580
44	98569	132689	34120
44	98598	132638	34040
44	97047	132695	35648
44	96412	132689	36277
44	97909	132690	34781
44	95718	132690	36972
44	97398	132685	35287
44	95919	132687	36768
44	95886	132689	36803
44	96893	132691	35798
44	95924	132692	36768
44	96464	132709	36245
44	97757	132683	34926
44	96860	132692	35832
44	96960	132706	35746
44	97378	132697	35319
44	97010	132682	35672
44	97116	132695	35579
44	98527	132675	34148
44	96665	132701	36036
44	99021	132691	33670
44	96441	132694	36253
44	97812	132679	34867
44	96216	132673	36457
44	95856	132706	36850
44	96699	132689	35990
44	98712	132691	33979
45	96347	132702	36355
45	97182	132678	35496
45	98511	132687	34176
45	97051	132696	35645
45	95416	132691	37275
45	95306	132705	37399
45	97035	132680	35645
45	96016	132692	36676
45	96601	132681	36080
45	96272	132699	36427
45	96109	132708	36599
45	97294	132687	35393
45	96105	132702	36597
45	96387	132684	36297
45	97175	132676	35501
45	96036	132706	36670
45	96451	132692	36241
45	96457	132703	36246
45	96467	132685	36218
45	98334	132694	34360
45	99017	132669	33652
45	98272	132693	34421
45	96797	132701	35904
45	95734	132705	36971
45	98150	132700	34550
45	95849	132689	36840
45	97489	132682	35193
45	97566	132651	35085
45	98849	132677	33828
45	98625	132693	34068
45	96290	132693	36403
45	98554	132690	34136
45	98815	132695	33880
45	95894	132691	36797
45	96236	132699	36463
45	97426	132671	35245
45	97923	132709	34786
45	96516	132698	36182
45	95896	132699	36803
45	95545	132701	37156
45	96781	132686	35905
45	97783	132654	34871
45	95545	132709	37164
45	97035	132685	35650
45	96015	132707	36692
45	96230	132706	36476
45	96059	132693	36634
45	96419	132688	36269
45	96556	132673	36117
45	96419	132703	36284
45	97466	132702	35236
45	96313	132707	36394
45	96110	132695	36585
45	98499	132637	34138
46	95992	132679	36687
46	96053	132697	36644
46	95993	132708	36715
46	95881	132711	36830
46	97385	132693	35308
46	98166	132655	34489
46	95945	132707	36762
46	97552	132626	35074
46	96839	132714	35875
46	96281	132699	36418
46	97470	132692	35222
46	95355	132691	37336
46	95742	132689	36947
46	95761	132700	36939
46	96892	132680	35788
46	96067	132692	36625
46	96192	132702	36510
46	96324	132689	36365
46	97742	132642	34900
46	95798	132711	36913
46	96028	132694	36666
46	98457	132695	34238
46	96243	132701	36458
46	96043	132697	36654
46	97881	132677	34796
46	96388	132685	36297
46	96258	132694	36436
46	95830	132711	36881
46	96572	132692	36120
46	96826	132687	35861
46	96053	132703	36650
46	95887	132702	36815
46	97269	132692	35423
46	96433	132696	36263
46	96837	132675	35838
46	96524	132692	36168
46	95370	132709	37339
46	98079	132667	34588
46	98648	132681	34033
46	95673	132706	37033
46	96169	132703	36534
46	95949	132693	36744
46	97604	132702	35098
46	97332	132689	35357
46	97473	132693	35220
46	95824	132701	36877
46	96129	132698	36569
46	96715	132702	35987
46	96733	132685	35952
46	95229	132704	37475
46	95953	132716	36763
46	97696	132682	34986
46	95567	132688	37121
46	97116	132702	35586
47	97130	132702	35572
47	96450	132693	36243
47	96709	132699	35990
47	96221	132702	36481
47	96444	132696	36252
47	95307	132711	37404
47	95613	132704	37091
47	97583	132704	35121
47	97455	132688	35233
47	97022	132699	35677
47	96009	132714	36705
47	96253	132712	36459
47	97197	132706	35509
47	97992	132698	34706
47	96476	132702	36226
47	96580	132697	36117
47	96223	132712	36489
47	98432	132674	34242
47	97341	132708	35367
47	95892	132704	36812
47	96059	132693	36634
47	98186	132706	34520
47	96669	132701	36032
47	97233	132648	35415
47	95966	132711	36745
47	98655	132691	34036
47	96154	132704	36550
47	95651	132707	37056
47	95350	132708	37358
47	95720	132708	36988
47	96216	132711	36495
47	96022	132706	36684
47	96999	132695	35696
47	97383	132710	35327
47	95176	132711	37535
47	96203	132691	36488
47	97539	132697	35158
47	95881	132709	36828
47	95704	132705	37001
47	96209	132704	36495
47	96094	132691	36597
47	96150	132699	36549
47	95959	132702	36743
47	96343	132692	36349
47	96457	132689	36232
47	96186	132699	36513
47	95751	132704	36953
47	96395	132699	36304
47	96410	132687	36277
47	95135	132715	37580
47	96717	132698	35981
47	96200	132708	36508
47	95670	132702	37032
47	95529	132698	37169
48	95782	132709	36927
48	97518	132713	35195
48	95893	132705	36812
48	95854	132713	36859
48	96297	132702	36405
48	96158	132708	36550
48	95189	132694	37505
48	96276	132686	36410
48	96040	132698	36658
48	95723	132707	36984
48	95954	132699	36745
48	97131	132701	35570
48	96415	132692	36277
48	97294	132706	35412
48	95861	132709	36848
48	96370	132691	36321
48	95914	132698	36784
48	95787	132703	36916
48	95463	132702	37239
48	95495	132704	37209
48	95473	132710	37237
48	96816	132694	35878
48	95596	132712	37116
48	95403	132711	37308
48	96565	132693	36128
48	95819	132716	36897
48	96069	132706	36637
48	95302	132717	37415
48	97427	132687	35260
48	95157	132707	37550
48	96397	132699	36302
48	96575	132689	36114
48	96013	132710	36697
48	95904	132701	36797
48	95457	132710	37253
48	95513	132684	37171
48	95963	132699	36736
48	95847	132711	36864
48	95431	132715	37284
48	95799	132699	36900
48	95478	132710	37232
48	95932	132698	36766
48	95188	132706	37518
48	96404	132710	36306
48	96353	132705	36352
48	95341	132708	37367
48	95890	132703	36813
48	95968	132699	36731
48	95246	132714	37468
48	95588	132709	37121
48	95454	132711	37257
48	95531	132719	37188
48	95809	132702	36893
48	96951	132712	35761
49	96223	132708	36485
49	95464	132707	37243
49	95548	132706	37158
49	95743	132702	36959
49	95398	132702	37304
49	96759	132695	35936
49	95775	132709	36934
49	95342	132707	37365
49	95515	132715	37200
49	95509	132687	37178
49	98849	132672	33823
49	96288	132709	36421
49	95347	132705	37358
49	96088	132691	36603
49	95229	132709	37480
49	95936	132706	36770
49	95261	132709	37448
49	95875	132700	36825
49	95173	132714	37541
49	95688	132706	37018
49	95624	132704	37080
49	95470	132707	37237
49	95633	132709	37076
49	96707	132704	35997
49	95680	132713	37033
49	95904	132709	36805
49	95325	132714	37389
49	96097	132704	36607
49	96863	132709	35846
49	95336	132701	37365
49	96789	132712	35923
49	95406	132693	37287
49	95454	132719	37265
49	95754	132707	36953
49	96400	132702	36302
49	95781	132701	36920
49	95873	132711	36838
49	95769	132719	36950
49	95320	132704	37384
49	95380	132711	37331
49	95749	132711	36962
49	96193	132704	36511
49	95593	132698	37105
49	95775	132699	36924
49	97794	132703	34909
49	96301	132694	36393
49	97301	132706	35405
49	98491	132696	34205
49	95817	132712	36895
49	95086	132719	37633
49	95540	132702	37162
49	95650	132708	37058
49	95513	132712	37199
49	95641	132703	37062
50	95653	132704	37051
50	96450	132706	36256
50	95581	132715	37134
50	95784	132711	36927
50	95460	132708	37248
50	95087	132716	37629
50	95250	132709	37459
50	95040	132706	37666
50	95077	132707	37630
50	95515	132715	37200
50	95376	132714	37338
50	95077	132715	37638
50	95952	132708	36756
50	95682	132698	37016
50	95105	132711	37606
50	95664	132698	37034
50	95956	132712	36756
50	95553	132714	37161
50	95435	132714	37279
50	95315	132719	37404
50	95309	132719	37410
50	95167	132715	37548
50	95324	132698	37374
50	97455	132713	35258
50	95477	132709	37232
50	96335	132706	36371
50	95079	132710	37631
50	95448	132713	37265
50	95853	132711	36858
50	95138	132714	37576
50	95182	132714	37532
50	95094	132714	37620
50	95364	132715	37351
50	95344	132719	37375
50	95600	132713	37113
50	95786	132708	36922
50	96802	132711	35909
50	95757	132709	36952
50	95179	132701	37522
50	95295	132699	37404
50	97478	132703	35225
50	95925	132704	36779
50	95179	132715	37536
50	95341	132714	37373
50	95486	132703	37217
50	95285	132708	37423
50	95384	132714	37330
50	95431	132715	37284
50	95328	132719	37391
50	96614	132698	36084
50	95827	132710	36883
50	96097	132700	36603
50	95478	132712	37234
50	95852	132691	36839
51	95126	132719	37593
51	95329	132715	37386
51	95007	132719	37712
51	95434	132712	37278
51	95005	132716	37711
51	95048	132718	37670
51	96096	132705	36609
51	95676	132701	37025
51	95329	132712	37383
51	95067	132713	37646
51	94952	132716	37764
51	95840	132705	36865
51	96985	132713	35728
51	95042	132713	37671
51	95109	132713	37604
51	96285	132701	36416
51	96144	132708	36564
51	95061	132714	37653
51	95221	132715	37494
51	94900	132708	37808
51	94986	132719	37733
51	95179	132714	37535
51	95682	132700	37018
51	96785	132713	35928
51	95833	132706	36873
51	95035	132716	37681
51	94987	132713	37726
51	95273	132715	37442
51	95411	132715	37304
51	95068	132714	37646
51	95211	132716	37505
51	95404	132711	37307
51	95308	132711	37403
51	94873	132719	37846
51	95068	132710	37642
51	94962	132719	37757
51	96927	132712	35785
51	95234	132709	37475
51	95088	132712	37624
51	95201	132707	37506
51	95415	132701	37286
51	95016	132719	37703
51	95994	132709	36715
51	95102	132719	37617
51	95258	132719	37461
51	95207	132719	37512
51	95833	132704	36871
51	95240	132707	37467
51	95074	132698	37624
51	94920	132713	37793
51	95689	132706	37017
51	95389	132715	37326
51	95046	132706	37660
51	95828	132706	36878
52	95180	132712	37532
52	94902	132713	37811
52	95897	132705	36808
52	95008	132715	37707
52	95158	132719	37561
52	94921	132718	37797
52	95548	132709	37161
52	95239	132715	37476
52	95002	132719	37717
52	96012	132701	36689
52	94992	132719	37727
52	94988	132715	37727
52	95075	132714	37639
52	95624	132714	37090
52	95305	132712	37407
52	95363	132709	37346
52	95126	132717	37591
52	95160	132717	37557
52	95012	132719	37707
52	95091	132705	37614
52	95447	132713	37266
52	94891	132713	37822
52	95544	132703	37159
52	94853	132715	37862
52	94963	132719	37756
52	94957	132719	37762
52	94896	132719	37823
52	94926	132718	37792
52	95167	132713	37546
52	95621	132714	37093
52	95046	132711	37665
52	95236	132707	37471
52	95139	132719	37580
52	95085	132712	37627
52	95025	132714	37689
52	95582	132712	37130
52	95072	132716	37644
52	96247	132699	36452
52	95029	132708	37679
52	94894	132719	37825
52	95038	132715	37677
52	94849	132719	37870
52	95022	132716	37694
52	94896	132719	37823
52	95522	132708	37186
52	94979	132715	37736
52	94921	132719	37798
52	94991	132706	37715
52	94929	132719	37790
52	94890	132719	37829
52	95175	132714	37539
52	95620	132709	37089
52	95196	132716	37520
52	94986	132707	37721
53	94878	132716	37838
53	94920	132719	37799
53	94951	132719	37768
53	95583	132709	37126
53	94934	132719	37785
53	95371	132719	37348
53	94856	132713	37857
53	94919	132719	37800
53	94950	132715	37765
53	94886	132719	37833
53	94908	132719	37811
53	94905	132718	37813
53	95486	132709	37223
53	94916	132719	37803
53	94926	132719	37793
53	95043	132719	37676
53	95062	132716	37654
53	96635	132713	36078
53	94854	132719	37865
53	95291	132712	37421
53	95044	132716	37672
53	95034	132719	37685
53	95123	132719	37596
53	94944	132719	37775
53	94948	132719	37771
53	94865	132719	37854
53	94966	132712	37746
53	95228	132715	37487
53	95004	132705	37701
53	94973	132719	37746
53	94842	132715	37873
53	95586	132714	37128
53	94905	132716	37811
