Combinations	core	pangenome	variable
2	64424	69864	5440
2	64480	69916	5436
2	65955	70480	4525
2	64730	69397	4667
2	65992	70539	4547
2	65956	73909	7953
2	64617	70100	5483
2	65912	71362	5450
2	64101	70216	6115
2	65352	71410	6058
2	64313	70003	5690
2	64396	70134	5738
2	64659	69887	5228
2	67115	74124	7009
2	68033	74794	6761
2	64998	70342	5344
2	64499	70303	5804
2	65276	71455	6179
2	64738	69541	4803
2	67823	74140	6317
2	65419	69255	3836
2	65556	68795	3239
2	64283	70095	5812
2	64320	70129	5809
2	63719	69835	6116
2	64904	70392	5488
2	64756	69566	4810
2	64233	69905	5672
2	64945	69536	4591
2	64843	70145	5302
2	65654	72072	6418
2	65376	71018	5642
2	63807	69651	5844
2	66077	70993	4916
2	65288	69866	4578
2	64590	69592	5002
2	64591	70675	6084
2	66345	73053	6708
2	65716	70956	5240
2	66068	73388	7320
2	68671	72256	3585
2	65191	72004	6813
2	63655	70113	6458
2	63973	69969	5996
2	64454	70098	5644
2	66539	71315	4776
2	65401	72000	6599
2	64344	70306	5962
2	66251	74063	7812
2	64657	69407	4750
2	64605	70219	5614
2	65408	72057	6649
2	64744	69193	4449
2	64862	69550	4688
2	64801	69516	4715
2	64502	69588	5086
2	65750	70436	4686
2	63743	69880	6137
2	65926	74028	8102
2	66458	71088	4630
2	67508	74165	6657
2	64639	70092	5453
2	64048	70043	5995
2	64718	69951	5233
2	64170	69930	5760
2	65703	70693	4990
2	64274	70110	5836
2	64010	70211	6201
2	64534	70110	5576
2	64166	69911	5745
2	64636	69512	4876
2	65436	70817	5381
2	64470	69921	5451
2	63581	70045	6464
2	65140	70979	5839
2	65440	71779	6339
2	64516	70149	5633
2	65512	71774	6262
2	65518	73334	7816
2	65836	73323	7487
2	64851	69729	4878
2	64695	69460	4765
2	65323	70872	5549
2	67061	74105	7044
2	64287	70208	5921
2	65287	71980	6693
3	63030	71086	8056
3	62704	71136	8432
3	61937	71301	9364
3	62048	71358	9310
3	64170	74329	10159
3	64539	74692	10153
3	64072	71877	7805
3	62181	71044	8863
3	63177	71758	8581
3	62834	71340	8506
3	63177	72006	8829
3	65445	74642	9197
3	65176	74468	9292
3	63407	71552	8145
3	62558	70952	8394
3	61845	71320	9475
3	63698	72490	8792
3	64040	74231	10191
3	62855	71418	8563
3	63067	70806	7739
3	62730	71166	8436
3	63606	74505	10899
3	62684	71256	8572
3	63061	71917	8856
3	63220	70923	7703
3	64084	72080	7996
3	62755	71067	8312
3	62563	71104	8541
3	64408	71329	6921
3	62954	71381	8427
3	63217	71425	8208
3	64369	74350	9981
3	63029	71118	8089
3	62936	70857	7921
3	63163	72164	9001
3	63504	71926	8422
3	62498	71209	8711
3	62272	71272	9000
3	62933	71148	8215
3	64119	71220	7101
3	64458	73282	8824
3	65097	74486	9389
3	62049	71235	9186
3	63090	71537	8447
3	62754	71357	8603
3	64047	71819	7772
3	63743	71063	7320
3	63439	71774	8335
3	63014	71540	8526
3	62459	70983	8524
3	63423	70201	6778
3	62969	71087	8118
3	62553	71223	8670
3	62599	71239	8640
3	64545	71953	7408
3	63012	70902	7890
3	64286	72741	8455
3	63207	72028	8821
3	65008	71750	6742
3	62896	71567	8671
3	63768	73842	10074
3	63744	72336	8592
3	64447	74398	9951
3	63139	70973	7834
3	63786	74464	10678
3	62585	71375	8790
3	63675	71935	8260
3	62868	70812	7944
3	62511	70876	8365
3	62715	70913	8198
3	63516	71418	7902
3	62772	71527	8755
3	63876	71329	7453
3	64224	73751	9527
3	63026	72073	9047
3	63074	70776	7702
3	63094	71086	7992
3	62597	71236	8639
3	64109	71852	7743
3	62315	71184	8869
3	63084	71093	8009
3	66587	74642	8055
3	62956	71018	8062
3	62692	70936	8244
3	62354	70976	8622
3	64512	74657	10145
4	61611	71864	10253
4	62187	72299	10112
4	63353	74905	11552
4	61938	72451	10513
4	63189	72798	9609
4	61603	71939	10336
4	61424	72182	10758
4	62206	72370	10164
4	61786	71951	10165
4	63083	71825	8742
4	61233	71990	10757
4	61890	74756	12866
4	61712	71728	10016
4	62387	71645	9258
4	63000	74744	11744
4	63128	74849	11721
4	63076	71971	8895
4	62308	71786	9478
4	62583	72107	9524
4	62637	72415	9778
4	62417	74925	12508
4	61707	71352	9645
4	63404	72762	9358
4	62255	72065	9810
4	62771	71749	8978
4	62214	72209	9995
4	61977	72345	10368
4	62427	74191	11764
4	61606	71741	10135
4	62590	70999	8409
4	62457	72478	10021
4	62345	72382	10037
4	62869	74257	11388
4	62320	71430	9110
4	62571	72086	9515
4	61846	71706	9860
4	61275	71676	10401
4	61864	71479	9615
4	62693	71860	9167
4	63095	72686	9591
4	62479	74847	12368
4	61440	71682	10242
4	62233	72205	9972
4	61968	72282	10314
4	61917	72285	10368
4	62661	74908	12247
4	62300	74890	12590
4	62717	72523	9806
4	62364	73009	10645
4	62033	71666	9633
4	63450	72940	9490
4	61954	72208	10254
4	61485	71662	10177
4	62155	75112	12957
4	61758	71845	10087
4	61919	71497	9578
4	61961	72187	10226
4	61964	72802	10838
4	62651	72448	9797
4	62835	72428	9593
4	63145	75446	12301
4	61728	71871	10143
4	61750	71587	9837
4	61544	71781	10237
4	61418	71924	10506
4	62172	73212	11040
4	62562	71099	8537
4	61497	71760	10263
4	62630	74915	12285
4	62461	71886	9425
4	63018	72265	9247
4	62127	74057	11930
4	61925	71737	9812
4	62049	73032	10983
4	62598	71252	8654
4	62388	72191	9803
4	62896	70983	8087
4	61545	71562	10017
4	64222	72121	7899
4	62091	71573	9482
4	61317	74777	13460
4	62967	73265	10298
4	61619	71370	9751
4	61748	72107	10359
4	62783	72018	9235
4	62640	71386	8746
5	60893	73417	12524
5	61006	72237	11231
5	61502	74373	12871
5	61628	72972	11344
5	61013	71995	10982
5	61855	71783	9928
5	61690	73545	11855
5	61253	74352	13099
5	61349	72313	10964
5	61548	72140	10592
5	61842	72458	10616
5	61203	72058	10855
5	60902	72360	11458
5	61370	72017	10647
5	60084	72221	12137
5	61701	75335	13634
5	61706	75002	13296
5	61584	71543	9959
5	61398	74946	13548
5	60340	72193	11853
5	61318	73166	11848
5	62036	72256	10220
5	60811	72012	11201
5	61881	72530	10649
5	62391	72451	10060
5	61612	73264	11652
5	61493	72091	10598
5	60137	72255	12118
5	61330	72111	10781
5	61384	71916	10532
5	60532	72132	11600
5	62330	75003	12673
5	61581	71724	10143
5	61880	72998	11118
5	61297	72626	11329
5	62354	74440	12086
5	60805	73290	12485
5	62060	73074	11014
5	61421	73172	11751
5	60249	72077	11828
5	60917	72945	12028
5	62311	74498	12187
5	60906	72020	11114
5	62313	74550	12237
5	61014	72055	11041
5	60513	72012	11499
5	59999	72424	12425
5	60816	72101	11285
5	62679	74489	11810
5	61809	71697	9888
5	61036	71989	10953
5	60997	71878	10881
5	62022	74881	12859
5	60100	72298	12198
5	60527	72144	11617
5	60749	72124	11375
5	61992	74522	12530
5	61708	74948	13240
5	60629	72166	11537
5	62080	73126	11046
5	60728	72008	11280
5	60854	72001	11147
5	62040	72769	10729
5	62780	74552	11772
5	60659	75076	14417
5	62156	74311	12155
5	60964	74294	13330
5	61034	73533	12499
5	62585	74407	11822
5	61347	72405	11058
5	60974	72575	11601
5	61220	75085	13865
5	61637	73038	11401
5	61224	71989	10765
5	61548	72023	10475
5	60722	72228	11506
5	61857	74397	12540
5	61201	73172	11971
5	61340	72442	11102
5	64049	74463	10414
5	60670	71986	11316
5	60999	72543	11544
5	61550	72054	10504
5	61007	72184	11177
5	61261	72673	11412
5	60156	72269	12113
6	60776	73567	12791
6	60542	72180	11638
6	62083	75442	13359
6	60613	72783	12170
6	61528	74412	12884
6	61050	75241	14191
6	61679	73288	11609
6	61092	72588	11496
6	60414	72936	12522
6	60978	72498	11520
6	60819	73117	12298
6	61206	73734	12528
6	60039	72346	12307
6	60701	72084	11383
6	60806	72872	12066
6	59688	73091	13403
6	60101	75186	15085
6	60573	72730	12157
6	60685	72938	12253
6	60859	72751	11892
6	61143	72445	11302
6	59861	72424	12563
6	60825	72667	11842
6	60588	74419	13831
6	60467	72418	11951
6	60594	75226	14632
6	60379	72588	12209
6	60847	72394	11547
6	61139	72846	11707
6	61030	72688	11658
6	61143	74058	12915
6	61076	73785	12709
6	60433	72962	12529
6	60669	72338	11669
6	60199	72248	12049
6	61391	75209	13818
6	62263	74433	12170
6	60147	72513	12366
6	61707	74425	12718
6	60125	74981	14856
6	61105	73371	12266
6	60319	72640	12321
6	60645	75280	14635
6	60690	72692	12002
6	61686	75052	13366
6	61194	73837	12643
6	60822	74447	13625
6	61455	75141	13686
6	60151	72666	12515
6	60923	73396	12473
6	60929	74543	13614
6	61059	73117	12058
6	60852	75101	14249
6	60881	72400	11519
6	61809	71862	10053
6	60376	72356	11980
6	60191	73084	12893
6	60723	72175	11452
6	60334	73023	12689
6	60753	75255	14502
6	61159	73044	11885
6	60104	72286	12182
6	60181	72143	11962
6	60917	72880	11963
6	60430	72533	12103
6	60761	73155	12394
6	60583	73018	12435
6	60444	75158	14714
6	59878	72557	12679
6	60418	72608	12190
6	61997	74395	12398
6	61509	72730	11221
6	60943	73638	12695
6	60858	74542	13684
6	60593	72289	11696
6	60656	73613	12957
6	61047	74563	13516
6	62018	75276	13258
6	60716	72190	11474
6	60327	72268	11941
6	60079	72449	12370
6	60950	72120	11170
6	60022	72417	12395
6	60017	72478	12461
6	60798	72847	12049
6	61033	72740	11707
7	59448	75237	15789
7	59765	72773	13008
7	60188	73324	13136
7	60494	73470	12976
7	60609	73939	13330
7	60206	73545	13339
7	60604	75284	14680
7	59974	72333	12359
7	59918	73135	13217
7	59936	75113	15177
7	60661	73073	12412
7	59842	72695	12853
7	60141	72938	12797
7	60971	73331	12360
7	60680	75124	14444
7	60243	72199	11956
7	60308	72821	12513
7	60637	73348	12711
7	60172	72673	12501
7	59885	72525	12640
7	60004	72797	12793
7	60134	74990	14856
7	60002	72342	12340
7	59968	73080	13112
7	60131	72869	12738
7	61802	74109	12307
7	59854	72996	13142
7	59219	75055	15836
7	60123	75052	14929
7	60708	73327	12619
7	60728	73404	12676
7	59825	73047	13222
7	60117	75077	14960
7	59835	73297	13462
7	59897	73199	13302
7	60548	74374	13826
7	60446	73289	12843
7	60198	75250	15052
7	60426	73661	13235
7	59818	72837	13019
7	61286	72924	11638
7	60335	72632	12297
7	60308	74519	14211
7	60346	73495	13149
7	60149	72931	12782
7	60249	73551	13302
7	60002	73443	13441
7	59497	73086	13589
7	60715	74830	14115
7	59884	73204	13320
7	60503	73128	12625
7	59671	72773	13102
7	59965	75011	15046
7	60150	72980	12830
7	59505	72522	13017
7	59703	72770	13067
7	59873	72449	12576
7	59710	72765	13055
7	60710	75203	14493
7	60175	72737	12562
7	58721	72867	14146
7	61097	73174	12077
7	60491	74387	13896
7	59992	72535	12543
7	59981	74759	14778
7	60242	73129	12887
7	60102	74570	14468
7	61345	74458	13113
7	59620	75274	15654
7	59310	73282	13972
7	60152	72685	12533
7	59828	74474	14646
7	60939	72639	11700
7	60379	73190	12811
7	60130	75168	15038
7	59779	72581	12802
7	59670	72852	13182
7	60160	73549	13389
7	60663	74487	13824
7	60608	72619	12011
7	59721	72450	12729
7	59581	75001	15420
7	59536	72679	13143
7	60264	72639	12375
7	61015	73281	12266
7	59848	72519	12671
8	59050	72876	13826
8	59597	73145	13548
8	59445	72720	13275
8	60071	75181	15110
8	59315	72507	13192
8	59728	74760	15032
8	59503	72882	13379
8	60305	73566	13261
8	59593	73476	13883
8	59158	73090	13932
8	60342	75362	15020
8	59544	75195	15651
8	59630	72765	13135
8	59646	73037	13391
8	59621	72703	13082
8	59379	73985	14606
8	59474	73182	13708
8	59774	72524	12750
8	60239	74714	14475
8	59214	72982	13768
8	61017	74582	13565
8	60268	72917	12649
8	59892	72820	12928
8	59335	72903	13568
8	60343	72777	12434
8	59915	75199	15284
8	59069	73238	14169
8	59764	73863	14099
8	58895	74804	15909
8	59005	73005	14000
8	59934	73525	13591
8	59662	73183	13521
8	59081	72936	13855
8	59449	72723	13274
8	60049	73653	13604
8	59157	72729	13572
8	59191	72818	13627
8	60094	72961	12867
8	60816	74478	13662
8	59741	74549	14808
8	60729	72710	11981
8	59420	72633	13213
8	60053	73341	13288
8	59696	73740	14044
8	60320	74062	13742
8	60474	74637	14163
8	59397	75165	15768
8	58755	73166	14411
8	59356	74788	15432
8	59210	73477	14267
8	59503	72679	13176
8	60419	74460	14041
8	60070	73308	13238
8	59894	74606	14712
8	59917	74768	14851
8	59659	73178	13519
8	60246	73209	12963
8	58768	73802	15034
8	60471	74763	14292
8	60049	74669	14620
8	59577	73447	13870
8	58980	73235	14255
8	60427	73220	12793
8	61152	74767	13615
8	59617	74622	15005
8	59966	74405	14439
8	59390	72589	13199
8	58973	72714	13741
8	59940	73246	13306
8	60487	72749	12262
8	60145	72672	12527
8	59382	72560	13178
8	59382	75242	15860
8	59614	75223	15609
8	59467	72559	13092
8	59163	72617	13454
8	60300	72900	12600
8	60225	74481	14256
8	59489	75716	16227
8	59372	74731	15359
8	60401	75496	15095
8	58828	73297	14469
8	59884	74027	14143
8	59629	73250	13621
8	59141	72730	13589
8	59280	73033	13753
9	58600	72960	14360
9	59826	74679	14853
9	58943	74553	15610
9	59201	72978	13777
9	59519	73093	13574
9	59255	72824	13569
9	59368	74455	15087
9	58790	73299	14509
9	59098	74718	15620
9	59226	75182	15956
9	58807	72855	14048
9	58839	72845	14006
9	58888	75159	16271
9	58763	72939	14176
9	59869	73723	13854
9	59174	73343	14169
9	58918	73392	14474
9	58879	73853	14974
9	59536	73990	14454
9	58559	74148	15589
9	59247	74656	15409
9	59687	73205	13518
9	58985	74551	15566
9	59007	72932	13925
9	59275	75337	16062
9	58896	73910	15014
9	58389	72972	14583
9	59626	73578	13952
9	58965	75131	16166
9	59414	74769	15355
9	59296	73841	14545
9	59137	74461	15324
9	59450	73856	14406
9	59019	73100	14081
9	58760	72775	14015
9	59204	73641	14437
9	59635	75272	15637
9	59387	73133	13746
9	58802	73004	14202
9	59318	74621	15303
9	60222	73102	12880
9	59035	75198	16163
9	59406	74463	15057
9	58723	72868	14145
9	59093	73039	13946
9	59506	73082	13576
9	59679	74031	14352
9	59672	73461	13789
9	59059	74844	15785
9	58981	74142	15161
9	60317	74877	14560
9	59845	74099	14254
9	58880	75258	16378
9	59155	73079	13924
9	59053	73157	14104
9	60080	74866	14786
9	59077	73298	14221
9	59477	75146	15669
9	59757	74907	15150
9	59733	75349	15616
9	59140	73259	14119
9	58894	73325	14431
9	59038	73851	14813
9	58946	74641	15695
9	58943	73403	14460
9	59153	74634	15481
9	59369	74498	15129
9	58256	73064	14808
9	58354	73095	14741
9	58643	73395	14752
9	59231	75223	15992
9	58263	75378	17115
9	59678	75196	15518
9	58776	73133	14357
9	59196	72914	13718
9	59927	73829	13902
9	59975	75222	15247
9	59124	73614	14490
9	59649	73992	14343
9	58581	73560	14979
9	59699	75330	15631
9	59200	73312	14112
9	59565	73649	14084
9	58555	73010	14455
9	58218	72976	14758
9	59394	72766	13372
10	58344	73484	15140
10	58741	73043	14302
10	60518	75646	15128
10	59248	73137	13889
10	59319	75356	16037
10	58733	74099	15366
10	59566	73394	13828
10	59951	74783	14832
10	58757	73496	14739
10	58902	73526	14624
10	58951	73638	14687
10	59751	75383	15632
10	59018	73094	14076
10	58903	72938	14035
10	59745	73710	13965
10	59085	75243	16158
10	58514	74616	16102
10	58720	74506	15786
10	58836	73470	14634
10	58519	73370	14851
10	58775	73671	14896
10	58799	73933	15134
10	59071	74038	14967
10	59053	72858	13805
10	59292	73623	14331
10	58968	74842	15874
10	59596	73632	14036
10	58971	72914	13943
10	59271	75531	16260
10	59222	72966	13744
10	58512	73967	15455
10	59294	75301	16007
10	60119	75584	15465
10	58703	75187	16484
10	59185	73054	13869
10	58829	75420	16591
10	58934	75452	16518
10	57913	73278	15365
10	59620	75308	15688
10	58976	73053	14077
10	59212	75583	16371
10	59055	74772	15717
10	58834	73663	14829
10	58327	73363	15036
10	58433	74583	16150
10	59345	72673	13328
10	58781	73823	15042
10	59182	73884	14702
10	59432	73141	13709
10	58629	73549	14920
10	58433	73198	14765
10	58873	75362	16489
10	58471	73549	15078
10	58625	73001	14376
10	58912	73404	14492
10	58814	73429	14615
10	59209	75519	16310
10	59069	74007	14938
10	58405	73574	15169
10	58292	73627	15335
10	58571	75321	16750
10	59310	73121	13811
10	58222	73106	14884
10	59618	75248	15630
10	59437	74144	14707
10	59347	75583	16236
10	59573	73867	14294
10	59133	74262	15129
10	58027	73026	14999
10	58803	75357	16554
10	58786	74142	15356
10	58584	75366	16782
10	60823	74876	14053
10	58534	73291	14757
10	59602	72755	13153
10	59742	75545	15803
10	58586	75614	17028
10	59376	72999	13623
10	59683	74687	15004
10	58815	73812	14997
10	58912	73276	14364
10	59253	74576	15323
10	59090	75101	16011
10	58362	73007	14645
10	59609	73613	14004
10	59063	74515	15452
11	59424	76043	16619
11	58770	73992	15222
11	58517	73729	15212
11	58913	75434	16521
11	58564	75141	16577
11	58612	75251	16639
11	58065	73300	15235
11	59399	73950	14551
11	58542	74835	16293
11	58851	74205	15354
11	58652	74576	15924
11	58392	73705	15313
11	58592	74854	16262
11	58685	73689	15004
11	58587	73666	15079
11	58321	73884	15563
11	58712	74729	16017
11	58682	74810	16128
11	58451	75680	17229
11	58436	74231	15795
11	58468	75545	17077
11	58611	75832	17221
11	58514	73036	14522
11	58180	73379	15199
11	58437	73264	14827
11	58681	73420	14739
11	58554	75326	16772
11	58779	73256	14477
11	59192	75530	16338
11	58263	73782	15519
11	58728	73862	15134
11	59065	75331	16266
11	58632	73761	15129
11	59029	74521	15492
11	58681	74646	15965
11	58974	75266	16292
11	58290	73100	14810
11	59134	74044	14910
11	58513	73151	14638
11	58578	73370	14792
11	58816	72870	14054
11	59018	74802	15784
11	58712	72883	14171
11	58597	74882	16285
11	58507	75507	17000
11	58171	73236	15065
11	58455	74817	16362
11	58609	75388	16779
11	58639	75300	16661
11	58098	73360	15262
11	58386	73409	15023
11	59032	75301	16269
11	58542	73129	14587
11	59091	75463	16372
11	59302	75345	16043
11	57579	73971	16392
11	58679	75376	16697
11	59451	74107	14656
11	58689	74662	15973
11	58410	73495	15085
11	58874	74613	15739
11	58451	74035	15584
11	58391	74634	16243
11	58972	75453	16481
11	58829	73273	14444
11	58478	72752	14274
11	58411	73836	15425
11	58669	74761	16092
11	58673	74136	15463
11	58486	73471	14985
11	57990	73372	15382
11	58448	75140	16692
11	59098	72998	13900
11	58285	75213	16928
11	58939	73263	14324
11	58424	75193	16769
11	58645	74040	15395
11	57720	73272	15552
11	58465	73981	15516
11	58602	75357	16755
11	58724	75857	17133
11	59178	74312	15134
11	58260	73052	14792
11	58788	74082	15294
11	58396	73500	15104
11	58394	73482	15088
12	58147	73562	15415
12	58859	74316	15457
12	58697	73494	14797
12	58236	74535	16299
12	58090	73152	15062
12	58382	74127	15745
12	58317	73200	14883
12	58296	74082	15786
12	58060	73880	15820
12	58304	73610	15306
12	58311	74011	15700
12	57749	73445	15696
12	59218	75046	15828
12	57685	73322	15637
12	58467	73367	14900
12	57450	73352	15902
12	58541	75200	16659
12	58568	74326	15758
12	58378	73856	15478
12	59419	75476	16057
12	58188	73372	15184
12	59000	73866	14866
12	58930	75476	16546
12	57838	75511	17673
12	58318	73429	15111
12	58955	73619	14664
12	58296	75451	17155
12	58199	73241	15042
12	59230	75424	16194
12	58167	73094	14927
12	58452	73870	15418
12	58649	75373	16724
12	58732	73974	15242
12	58715	73763	15048
12	57686	73370	15684
12	58480	75370	16890
12	58511	74764	16253
12	58963	73378	14415
12	57987	73477	15490
12	57644	75243	17599
12	58251	73131	14880
12	57317	74167	16850
12	58017	75459	17442
12	58390	74973	16583
12	58439	74045	15606
12	59015	74723	15708
12	59185	74633	15448
12	58155	73557	15402
12	58293	74628	16335
12	58474	73524	15050
12	58470	75428	16958
12	58461	74926	16465
12	58730	73835	15105
12	58837	73706	14869
12	58414	73395	14981
12	58303	74653	16350
12	58196	73955	15759
12	58416	74923	16507
12	57707	75357	17650
12	57884	73500	15616
12	58141	75372	17231
12	58788	74167	15379
12	57400	73334	15934
12	58063	74187	16124
12	58621	74813	16192
12	58720	74080	15360
12	58559	75643	17084
12	58679	73254	14575
12	58253	73485	15232
12	58419	73654	15235
12	59018	74694	15676
12	59527	75427	15900
12	58382	74183	15801
12	58366	75413	17047
12	58726	73657	14931
12	57950	73806	15856
12	58318	74774	16456
12	58310	75235	16925
12	58177	73640	15463
12	58488	75387	16899
12	58948	75428	16480
12	57718	73487	15769
12	58598	74820	16222
12	58187	74906	16719
12	57634	73628	15994
12	57737	73305	15568
13	58268	74046	15778
13	57596	73359	15763
13	58463	75568	17105
13	57808	73912	16104
13	58987	74625	15638
13	58345	75547	17202
13	57750	75648	17898
13	57613	73722	16109
13	58003	73515	15512
13	57747	75457	17710
13	58307	74673	16366
13	58284	75098	16814
13	58307	73591	15284
13	58335	73192	14857
13	57904	73595	15691
13	58120	75415	17295
13	57942	73850	15908
13	57589	73572	15983
13	58621	75424	16803
13	57998	74999	17001
13	58323	75316	16993
13	57499	74168	16669
13	57866	75064	17198
13	58109	75420	17311
13	58315	75853	17538
13	58224	75862	17638
13	58177	74048	15871
13	58162	74189	16027
13	57743	73507	15764
13	58045	73504	15459
13	57726	73653	15927
13	58277	75483	17206
13	57471	75460	17989
13	57625	74413	16788
13	57589	75387	17798
13	58266	73416	15150
13	58519	75689	17170
13	57651	75343	17692
13	58217	74909	16692
13	58006	75589	17583
13	57742	74010	16268
13	58605	74598	15993
13	57877	74013	16136
13	58811	74182	15371
13	58166	73471	15305
13	57889	75498	17609
13	57284	73437	16153
13	58344	74385	16041
13	58684	75473	16789
13	59280	75300	16020
13	58071	74310	16239
13	58003	73999	15996
13	58113	73220	15107
13	58003	75400	17397
13	58757	75637	16880
13	57691	73380	15689
13	58276	74902	16626
13	58065	73505	15440
13	58835	75679	16844
13	58269	74137	15868
13	57923	75377	17454
13	58367	75585	17218
13	58718	75257	16539
13	58004	73166	15162
13	58086	74360	16274
13	57772	73387	15615
13	58642	75551	16909
13	57996	75389	17393
13	57398	74049	16651
13	57374	73440	16066
13	57502	73741	16239
13	57566	75027	17461
13	58385	74239	15854
13	58284	73964	15680
13	57586	74605	17019
13	57955	75385	17430
13	58977	75106	16129
13	58248	75390	17142
13	57850	73289	15439
13	58327	75603	17276
13	58130	73344	15214
13	57807	75307	17500
13	58375	73599	15224
13	57973	74872	16899
13	57401	74806	17405
13	58022	74784	16762
14	58256	73813	15557
14	57684	75258	17574
14	57776	73979	16203
14	57288	73677	16389
14	57266	75397	18131
14	57572	74210	16638
14	57614	73596	15982
14	57667	73431	15764
14	58217	75462	17245
14	57645	74036	16391
14	57929	75074	17145
14	57381	73464	16083
14	57756	74954	17198
14	58214	75425	17211
14	57418	75719	18301
14	57969	74667	16698
14	56848	73543	16695
14	57354	74325	16971
14	58400	73880	15480
14	58414	75549	17135
14	57926	74314	16388
14	58007	73868	15861
14	58116	75604	17488
14	57301	75419	18118
14	57927	75342	17415
14	57438	73260	15822
14	57708	74811	17103
14	57729	73421	15692
14	57375	73660	16285
14	57905	74769	16864
14	57477	74112	16635
14	57599	73337	15738
14	57879	73250	15371
14	57899	73763	15864
14	57621	75554	17933
14	57892	74040	16148
14	58585	75131	16546
14	57730	75039	17309
14	57259	73992	16733
14	58287	75340	17053
14	57416	74008	16592
14	57790	73770	15980
14	58690	75569	16879
14	58020	75392	17372
14	57305	73976	16671
14	57449	73695	16246
14	58071	74103	16032
14	57493	74045	16552
14	57751	73596	15845
14	57929	75206	17277
14	57598	73876	16278
14	58266	73194	14928
14	58493	74872	16379
14	57263	75542	18279
14	57311	73544	16233
14	58201	75417	17216
14	58161	74427	16266
14	57813	73196	15383
14	58086	74269	16183
14	57685	73669	15984
14	58409	75381	16972
14	56835	73582	16747
14	58177	73699	15522
14	57538	75717	18179
14	57839	74260	16421
14	57733	75426	17693
14	57771	73418	15647
14	57621	73747	16126
14	58189	75371	17182
14	58094	74964	16870
14	57466	75356	17890
14	57710	75641	17931
14	58432	74320	15888
14	57966	74586	16620
14	57633	74572	16939
14	58378	75058	16680
14	58499	75920	17421
14	57570	73740	16170
14	57813	75441	17628
14	58205	75376	17171
14	57315	73350	16035
14	58362	75388	17026
14	57548	75388	17840
14	57908	73613	15705
14	58296	74414	16118
14	57691	75591	17900
15	57878	73937	16059
15	57142	73954	16812
15	57778	75080	17302
15	57376	75401	18025
15	57278	75723	18445
15	57462	73441	15979
15	57947	75302	17355
15	57336	73407	16071
15	57414	73494	16080
15	57663	74726	17063
15	57837	74109	16272
15	57256	74676	17420
15	57431	73818	16387
15	58071	74888	16817
15	58203	74731	16528
15	58835	75502	16667
15	57709	73280	15571
15	57977	75656	17679
15	57655	75112	17457
15	58338	75553	17215
15	57807	73962	16155
15	57134	73902	16768
15	57382	74292	16910
15	58204	74620	16416
15	57903	75498	17595
15	57660	75490	17830
15	56601	73513	16912
15	57879	75504	17625
15	57382	75568	18186
15	57595	74839	17244
15	57555	74933	17378
15	57547	75029	17482
15	57739	75655	17916
15	57656	74108	16452
15	57163	73341	16178
15	57288	75774	18486
15	57428	75378	17950
15	57713	73801	16088
15	57433	75064	17631
15	57694	74942	17248
15	58040	74870	16830
15	57812	73865	16053
15	57849	75658	17809
15	57259	75389	18130
15	57538	74701	17163
15	57757	73893	16136
15	57874	75109	17235
15	57459	74204	16745
15	57004	74748	17744
15	57738	74415	16677
15	57150	75324	18174
15	57419	74034	16615
15	57488	73852	16364
15	57506	74786	17280
15	57612	75433	17821
15	57480	73411	15931
15	57644	73576	15932
15	57824	74924	17100
15	58153	74641	16488
15	57363	73828	16465
15	57629	75510	17881
15	57125	75577	18452
15	57255	73389	16134
15	57257	74350	17093
15	57230	73755	16525
15	56984	75765	18781
15	57224	74642	17418
15	57486	74393	16907
15	57069	74636	17567
15	57618	73579	15961
15	57219	73556	16337
15	57699	75402	17703
15	57678	74164	16486
15	57667	73664	15997
15	58168	75555	17387
15	57771	75712	17941
15	57044	73794	16750
15	58116	74319	16203
15	57539	73590	16051
15	57722	74906	17184
15	57541	73906	16365
15	58338	75404	17066
15	57926	75599	17673
15	57769	75403	17634
15	57574	73635	16061
15	57098	74247	17149
16	57824	75417	17593
16	57652	75529	17877
16	57070	75682	18612
16	56858	75490	18632
16	57290	74910	17620
16	57483	75457	17974
16	56975	74240	17265
16	57666	76006	18340
16	57638	74605	16967
16	56553	73866	17313
16	56263	73894	17631
16	56981	75630	18649
16	56856	73621	16765
16	57573	75586	18013
16	57336	75047	17711
16	57598	75160	17562
16	57027	74115	17088
16	57374	75359	17985
16	57405	73487	16082
16	58165	74875	16710
16	56946	74068	17122
16	57505	74416	16911
16	56733	73628	16895
16	57869	75696	17827
16	57786	75046	17260
16	57318	75439	18121
16	57314	75532	18218
16	57276	73452	16176
16	57667	74423	16756
16	57917	75596	17679
16	56627	74370	17743
16	57647	74278	16631
16	57431	73807	16376
16	57585	74794	17209
16	57349	75435	18086
16	57467	75157	17690
16	57650	75954	18304
16	57703	73858	16155
16	57724	74163	16439
16	57923	75007	17084
16	57910	76054	18144
16	57656	73438	15782
16	57659	74037	16378
16	57203	75521	18318
16	58046	75846	17800
16	57290	75495	18205
16	57621	75669	18048
16	57045	75387	18342
16	57316	75672	18356
16	58051	75529	17478
16	57108	74757	17649
16	57562	75629	18067
16	57253	74379	17126
16	57450	74898	17448
16	57361	73957	16596
16	57384	75997	18613
16	58578	75720	17142
16	57436	75427	17991
16	58058	75857	17799
16	57457	75111	17654
16	57243	74656	17413
16	57121	75364	18243
16	57168	75222	18054
16	56913	75492	18579
16	57606	75542	17936
16	57320	73785	16465
16	57196	75696	18500
16	57626	74688	17062
16	57419	75623	18204
16	57469	75458	17989
16	56831	75087	18256
16	57779	74637	16858
16	58114	75139	17025
16	56971	74102	17131
16	56845	75406	18561
16	56761	74271	17510
16	57225	73986	16761
16	57060	74698	17638
16	57597	74397	16800
16	57960	75258	17298
16	57380	75620	18240
16	56826	75121	18295
16	57140	73479	16339
16	57265	73524	16259
16	57185	75344	18159
16	57261	74743	17482
17	56991	75029	18038
17	56473	75260	18787
17	56833	75439	18606
17	57285	75415	18130
17	57146	75722	18576
17	57441	74305	16864
17	57442	73801	16359
17	57034	74878	17844
17	57440	74926	17486
17	57220	75681	18461
17	57509	74519	17010
17	57233	73851	16618
17	57505	75533	18028
17	56525	75571	19046
17	57461	74074	16613
17	57110	73528	16418
17	57442	75670	18228
17	57290	75435	18145
17	57672	74723	17051
17	57542	75407	17865
17	56728	75380	18652
17	56931	74269	17338
17	57510	74363	16853
17	56673	75202	18529
17	56375	74387	18012
17	56846	74373	17527
17	57588	75132	17544
17	56533	73898	17365
17	57600	75691	18091
17	56790	75109	18319
17	57642	75540	17898
17	57618	75528	17910
17	57589	75393	17804
17	57249	74684	17435
17	57970	74596	16626
17	57234	74200	16966
17	57184	74271	17087
17	57166	74433	17267
17	56700	74150	17450
17	57385	75702	18317
17	57673	75058	17385
17	57289	75546	18257
17	57253	74160	16907
17	57252	75662	18410
17	57825	73820	15995
17	57152	75882	18730
17	57421	74999	17578
17	57146	74379	17233
17	57800	75548	17748
17	56788	73864	17076
17	56953	75754	18801
17	56533	75661	19128
17	57225	75957	18732
17	57243	73675	16432
17	57334	75936	18602
17	57137	75106	17969
17	57570	75036	17466
17	56870	74061	17191
17	56915	75515	18600
17	57269	75527	18258
17	56667	73576	16909
17	57788	74725	16937
17	56611	74416	17805
17	57002	75672	18670
17	57164	75879	18715
17	57859	75484	17625
17	56705	75720	19015
17	56820	75546	18726
17	56387	74786	18399
17	57827	75463	17636
17	57321	73529	16208
17	57328	74160	16832
17	56633	73750	17117
17	57291	74967	17676
17	57502	75786	18284
17	57891	75510	17619
17	57278	74352	17074
17	57545	74179	16634
17	57197	74713	17516
17	57239	74515	17276
17	57678	73902	16224
17	57816	73861	16045
17	57529	74088	16559
17	57435	74712	17277
17	57488	75764	18276
17	56388	73761	17373
18	56747	74628	17881
18	56863	74663	17800
18	57180	74236	17056
18	56514	73908	17394
18	57363	73809	16446
18	57395	74514	17119
18	56571	74407	17836
18	57600	73825	16225
18	57052	74900	17848
18	56644	73738	17094
18	56811	74242	17431
18	57032	75684	18652
18	56986	73814	16828
18	57005	75513	18508
18	56676	74763	18087
18	56917	74668	17751
18	57218	75689	18471
18	57154	75101	17947
18	57491	75187	17696
18	57346	74423	17077
18	56590	73994	17404
18	57065	73746	16681
18	57437	74786	17349
18	56685	73617	16932
18	56789	75299	18510
18	56838	75483	18645
18	57306	75682	18376
18	57144	75817	18673
18	56995	75796	18801
18	56734	74475	17741
18	56716	73934	17218
18	56660	75336	18676
18	57806	75232	17426
18	57001	75066	18065
18	57446	74143	16697
18	56405	73610	17205
18	56738	74203	17465
18	57538	75608	18070
18	57196	75560	18364
18	57151	75506	18355
18	57695	75455	17760
18	57439	75500	18061
18	57417	74134	16717
18	56836	75121	18285
18	57337	73674	16337
18	57368	75450	18082
18	56687	73906	17219
18	56999	73494	16495
18	57142	75581	18439
18	57135	75670	18535
18	56849	74099	17250
18	57242	74785	17543
18	56678	75476	18798
18	56565	75883	19318
18	58012	75177	17165
18	57917	75483	17566
18	57416	75043	17627
18	56702	75726	19024
18	56609	75392	18783
18	57037	75457	18420
18	57312	74309	16997
18	57077	75152	18075
18	56812	73704	16892
18	56864	75463	18599
18	57194	75577	18383
18	57245	74807	17562
18	57524	74438	16914
18	57815	75588	17773
18	57461	75884	18423
18	56582	75569	18987
18	56710	74011	17301
18	56763	74408	17645
18	57693	76026	18333
18	56944	73865	16921
18	57530	75475	17945
18	56819	75405	18586
18	57185	75554	18369
18	57009	73739	16730
18	56755	74341	17586
18	57415	75547	18132
18	57162	75857	18695
18	57494	74865	17371
18	56704	74182	17478
18	56931	75810	18879
18	56693	74149	17456
18	56978	74977	17999
19	56736	75146	18410
19	56705	75498	18793
19	56622	73690	17068
19	56640	75518	18878
19	57294	75595	18301
19	56535	75898	19363
19	57216	75890	18674
19	56989	74553	17564
19	56787	74580	17793
19	57894	74633	16739
19	56739	74401	17662
19	56823	75716	18893
19	56802	73555	16753
19	56937	74384	17447
19	57326	75119	17793
19	56633	75209	18576
19	56366	75739	19373
19	57043	75549	18506
19	56863	75081	18218
19	56869	74086	17217
19	56463	74332	17869
19	56266	74052	17786
19	56982	73806	16824
19	56926	75712	18786
19	56308	75672	19364
19	57218	75452	18234
19	56511	75805	19294
19	56754	74915	18161
19	56682	75426	18744
19	57240	75433	18193
19	56561	75621	19060
19	56865	75570	18705
19	56594	75713	19119
19	56458	75242	18784
19	57020	75411	18391
19	56711	75442	18731
19	56765	75540	18775
19	56123	74433	18310
19	57380	74680	17300
19	56560	74580	18020
19	56618	73768	17150
19	56789	74322	17533
19	56792	75514	18722
19	57072	76032	18960
19	56628	73784	17156
19	57086	75544	18458
19	56688	75576	18888
19	56623	74327	17704
19	57063	74261	17198
19	57029	74307	17278
19	56871	75089	18218
19	56419	73943	17524
19	56414	73948	17534
19	57301	75487	18186
19	56694	74035	17341
19	57287	74223	16936
19	57246	74433	17187
19	57218	75658	18440
19	56936	75676	18740
19	56744	73816	17072
19	57176	75977	18801
19	57108	75400	18292
19	56753	75599	18846
19	57045	75235	18190
19	57133	75440	18307
19	57820	75758	17938
19	56706	75472	18766
19	56146	75452	19306
19	57106	75775	18669
19	57137	74783	17646
19	56082	75436	19354
19	56786	75558	18772
19	56804	75728	18924
19	57039	75674	18635
19	56704	75429	18725
19	56770	74804	18034
19	56643	74801	18158
19	56125	75414	19289
19	56539	74122	17583
19	56384	75140	18756
19	57070	74324	17254
19	56674	74144	17470
19	56681	74775	18094
19	56623	75622	18999
19	57079	75018	17939
19	56439	74381	17942
20	57216	75219	18003
20	57053	75733	18680
20	57109	75537	18428
20	56714	75686	18972
20	56593	75521	18928
20	56743	74953	18210
20	57461	75500	18039
20	56799	74973	18174
20	57271	74145	16874
20	56465	75583	19118
20	57475	75650	18175
20	57041	75134	18093
20	56598	75234	18636
20	57646	75947	18301
20	57003	74299	17296
20	57424	75263	17839
20	56179	75659	19480
20	56595	74455	17860
20	56594	73805	17211
20	56865	76073	19208
20	56884	75496	18612
20	57051	75867	18816
20	57142	74056	16914
20	56377	74319	17942
20	56523	74341	17818
20	56193	75677	19484
20	56039	75549	19510
20	57147	75596	18449
20	56949	75547	18598
20	56732	75538	18806
20	56132	73985	17853
20	57046	75952	18906
20	56831	73864	17033
20	56535	74568	18033
20	56844	75437	18593
20	56823	74975	18152
20	57261	75758	18497
20	57021	75509	18488
20	56652	75708	19056
20	56685	75881	19196
20	57124	75492	18368
20	56195	74211	18016
20	56528	73733	17205
20	56521	74843	18322
20	56996	75481	18485
20	57076	73662	16586
20	57070	75400	18330
20	56276	75440	19164
20	56711	75816	19105
20	56766	73862	17096
20	56462	75834	19372
20	56948	75221	18273
20	56345	74764	18419
20	55942	73871	17929
20	57096	73994	16898
20	56732	73982	17250
20	57144	75225	18081
20	57003	74845	17842
20	56840	73944	17104
20	56352	75273	18921
20	56247	76070	19823
20	56581	75550	18969
20	56643	74096	17453
20	56704	75627	18923
20	56674	74358	17684
20	56846	74512	17666
20	56495	75481	18986
20	56885	74864	17979
20	57388	75146	17758
20	56705	74555	17850
20	56390	75815	19425
20	56590	75130	18540
20	56745	75453	18708
20	56887	75654	18767
20	56536	75409	18873
20	57117	74451	17334
20	56987	75759	18772
20	56021	75095	19074
20	56463	75687	19224
20	56995	75823	18828
20	56612	75450	18838
20	57167	74464	17297
20	57125	74071	16946
20	56475	74617	18142
20	56778	75770	18992
20	55952	74882	18930
21	56683	73939	17256
21	56417	75881	19464
21	56651	75747	19096
21	56586	75600	19014
21	56879	74765	17886
21	56570	75676	19106
21	56196	75543	19347
21	56016	75509	19493
21	56355	75841	19486
21	56682	75611	18929
21	56447	75178	18731
21	56207	74457	18250
21	56110	74251	18141
21	56753	75558	18805
21	56761	74547	17786
21	56915	75583	18668
21	56901	74917	18016
21	55882	75721	19839
21	56857	74340	17483
21	55965	74727	18762
21	56732	73606	16874
21	57049	75634	18585
21	56418	74184	17766
21	56101	74836	18735
21	56978	75664	18686
21	56685	74862	18177
21	56676	75681	19005
21	56343	74255	17912
21	57018	74634	17616
21	56329	74177	17848
21	56882	76078	19196
21	56258	75788	19530
21	56261	73650	17389
21	56656	75626	18970
21	56367	75154	18787
21	56880	74725	17845
21	56404	75559	19155
21	56879	74703	17824
21	56537	74426	17889
21	56432	75834	19402
21	56202	75393	19191
21	56558	74839	18281
21	56401	73953	17552
21	55879	73914	18035
21	56401	75427	19026
21	56117	75728	19611
21	55978	75664	19686
21	56643	75675	19032
21	56213	74624	18411
21	56355	74180	17825
21	56102	75583	19481
21	56367	74472	18105
21	56384	74994	18610
21	56765	75693	18928
21	56990	75514	18524
21	56662	75883	19221
21	57289	75563	18274
21	56392	75748	19356
21	56804	75470	18666
21	56401	75409	19008
21	56405	75818	19413
21	56307	74556	18249
21	55887	73859	17972
21	55827	73754	17927
21	56555	75000	18445
21	56900	75520	18620
21	57005	75461	18456
21	56646	74383	17737
21	56402	75675	19273
21	56440	75503	19063
21	56473	74331	17858
21	56387	75631	19244
21	56250	75791	19541
21	56379	75188	18809
21	56336	75482	19146
21	56520	76061	19541
21	56525	74374	17849
21	56349	74405	18056
21	55954	74506	18552
21	56416	74879	18463
21	56581	74737	18156
21	56726	74139	17413
21	56572	74494	17922
21	57142	75630	18488
21	56903	75571	18668
21	56896	75990	19094
22	56558	73920	17362
22	55840	74679	18839
22	56317	73930	17613
22	56791	76134	19343
22	56294	74469	18175
22	56796	75762	18966
22	56982	75777	18795
22	56753	75981	19228
22	55730	74748	19018
22	56526	74478	17952
22	56181	75606	19425
22	56522	75529	19007
22	56555	75665	19110
22	56666	75628	18962
22	56527	75645	19118
22	56646	76030	19384
22	55989	74299	18310
22	56630	75875	19245
22	56817	74542	17725
22	55849	74394	18545
22	56593	75543	18950
22	56243	74141	17898
22	56218	74871	18653
22	56546	75662	19116
22	56130	74933	18803
22	55897	74857	18960
22	56442	75642	19200
22	55959	74450	18491
22	57197	75767	18570
22	56767	75580	18813
22	56734	75569	18835
22	56658	75500	18842
22	55985	75440	19455
22	57227	74446	17219
22	56152	75443	19291
22	56209	74109	17900
22	56533	75017	18484
22	56744	75790	19046
22	56700	75549	18849
22	56793	74095	17302
22	56511	75469	18958
22	56369	75541	19172
22	56738	74577	17839
22	56213	75643	19430
22	56339	74048	17709
22	56588	75632	19044
22	56972	76059	19087
22	57215	75336	18121
22	56112	74129	18017
22	56046	74511	18465
22	56946	73892	16946
22	56737	75570	18833
22	56543	74205	17662
22	56586	75519	18933
22	56161	75611	19450
22	56077	75814	19737
22	55781	74708	18927
22	56848	75210	18362
22	56300	76043	19743
22	56646	74476	17830
22	56397	74337	17940
22	56129	74177	18048
22	56135	75096	18961
22	56473	75277	18804
22	55801	75498	19697
22	55793	74676	18883
22	56140	75653	19513
22	56636	74844	18208
22	56580	75229	18649
22	56622	75646	19024
22	56161	74102	17941
22	56536	76164	19628
22	56296	74224	17928
22	56044	74872	18828
22	56572	75090	18518
22	55969	75629	19660
22	56659	75884	19225
22	56267	75039	18772
22	56343	75459	19116
22	56521	75745	19224
22	56124	74484	18360
22	56242	76046	19804
22	56906	74476	17570
22	56153	74508	18355
22	56823	74872	18049
22	56525	75548	19023
23	56053	75737	19684
23	56833	75644	18811
23	56608	75405	18797
23	55949	75069	19120
23	55946	75492	19546
23	56697	75595	18898
23	55970	75546	19576
23	56898	75673	18775
23	56083	74304	18221
23	56075	75882	19807
23	56648	75685	19037
23	56091	74983	18892
23	56338	75755	19417
23	56468	73716	17248
23	55960	74116	18156
23	56358	74428	18070
23	56484	74131	17647
23	56443	75965	19522
23	55856	75288	19432
23	56311	75589	19278
23	56107	74833	18726
23	56342	74486	18144
23	56580	75968	19388
23	56082	75797	19715
23	56742	74584	17842
23	55900	75242	19342
23	56207	75022	18815
23	56482	74646	18164
23	56132	75901	19769
23	56813	75442	18629
23	56956	75421	18465
23	56297	75436	19139
23	55853	74165	18312
23	55891	74831	18940
23	56397	76000	19603
23	56681	76077	19396
23	56086	73929	17843
23	56423	75605	19182
23	56315	75004	18689
23	56771	75192	18421
23	56193	75763	19570
23	56333	74595	18262
23	55994	75444	19450
23	56841	75524	18683
23	56191	74824	18633
23	55870	74194	18324
23	56129	75718	19589
23	56149	75742	19593
23	56204	74995	18791
23	56498	75584	19086
23	55514	74597	19083
23	56110	75625	19515
23	56746	75605	18859
23	56287	74118	17831
23	56190	74854	18664
23	56612	75579	18967
23	56275	75561	19286
23	55996	75840	19844
23	55752	74567	18815
23	56433	75022	18589
23	56090	75536	19446
23	55866	75511	19645
23	56080	76000	19920
23	56147	75593	19446
23	56024	75756	19732
23	56259	75694	19435
23	56442	74545	18103
23	55677	75599	19922
23	56225	74704	18479
23	56497	75317	18820
23	56515	75637	19122
23	56626	74030	17404
23	57106	75459	18353
23	55762	74798	19036
23	56493	74231	17738
23	55929	75268	19339
23	56660	75208	18548
23	56600	75663	19063
23	56832	76036	19204
23	55924	75863	19939
23	56114	74827	18713
23	56017	75678	19661
23	56276	75642	19366
23	55870	74320	18450
23	56197	75700	19503
23	56215	75632	19417
24	56093	74574	18481
24	56175	75628	19453
24	55889	74212	18323
24	56386	75898	19512
24	56369	74903	18534
24	56169	75781	19612
24	56147	75967	19820
24	55840	74865	19025
24	56563	75654	19091
24	56883	74708	17825
24	55955	75301	19346
24	56585	75708	19123
24	56533	74898	18365
24	56187	75658	19471
24	56995	75551	18556
24	56782	75046	18264
24	56225	74450	18225
24	55876	74278	18402
24	57016	75946	18930
24	56204	75488	19284
24	56340	75728	19388
24	56235	74135	17900
24	56059	75143	19084
24	56016	75822	19806
24	55979	74648	18669
24	55773	75827	20054
24	56092	75828	19736
24	56209	75763	19554
24	55878	74953	19075
24	56222	75470	19248
24	56048	73855	17807
24	56307	74896	18589
24	56427	75303	18876
24	55487	74247	18760
24	56103	74118	18015
24	56501	74422	17921
24	56041	75657	19616
24	56320	75785	19465
24	56016	75969	19953
24	55947	75546	19599
24	56763	75678	18915
24	56028	75923	19895
24	55984	75880	19896
24	56711	75151	18440
24	56209	75196	18987
24	56356	75309	18953
24	56180	75983	19803
24	55563	76090	20527
24	55906	74083	18177
24	56268	74544	18276
24	56710	74982	18272
24	55938	75589	19651
24	55829	74974	19145
24	56274	73924	17650
24	56440	75943	19503
24	56164	74084	17920
24	56170	74507	18337
24	55784	74108	18324
24	55948	74850	18902
24	56141	75669	19528
24	56483	75461	18978
24	56243	75993	19750
24	56014	76063	20049
24	56333	75658	19325
24	56301	74299	17998
24	55905	75569	19664
24	55712	75891	20179
24	56713	75671	18958
24	56124	75333	19209
24	56689	75683	18994
24	56704	74431	17727
24	55857	75957	20100
24	56315	75772	19457
24	55885	75652	19767
24	55911	74625	18714
24	55959	75124	19165
24	55597	75833	20236
24	56450	75860	19410
24	55857	75073	19216
24	56198	75516	19318
24	55802	75166	19364
24	55449	74429	18980
24	56091	75892	19801
24	55648	75227	19579
24	55878	74141	18263
24	56250	75952	19702
25	56150	74492	18342
25	55517	75579	20062
25	55997	76112	20115
25	56233	75717	19484
25	55557	75699	20142
25	56145	74763	18618
25	56473	74894	18421
25	56267	75994	19727
25	55810	74297	18487
25	56590	75206	18616
25	56095	74403	18308
25	56004	74084	18080
25	56171	75845	19674
25	56059	74496	18437
25	56048	75592	19544
25	56304	74116	17812
25	56328	75694	19366
25	55899	75076	19177
25	55861	74922	19061
25	56351	75760	19409
25	55896	75298	19402
25	55566	75075	19509
25	55760	75661	19901
25	56413	74700	18287
25	56108	74513	18405
25	56735	75032	18297
25	55630	75901	20271
25	55739	73949	18210
25	56114	75749	19635
25	56603	75877	19274
25	56681	74062	17381
25	55941	74162	18221
25	56174	76097	19923
25	56625	75616	18991
25	56056	75533	19477
25	56818	75926	19108
25	55869	74084	18215
25	56137	75471	19334
25	56378	75209	18831
25	55719	74964	19245
25	56478	74290	17812
25	55614	74440	18826
25	56137	74110	17973
25	55578	74946	19368
25	55601	75641	20040
25	55441	75600	20159
25	56283	75278	18995
25	56125	75656	19531
25	55987	75662	19675
25	55668	75829	20161
25	55844	74233	18389
25	55990	75025	19035
25	55995	73950	17955
25	55995	74965	18970
25	56080	75758	19678
25	55821	73773	17952
25	56033	74344	18311
25	56153	73745	17592
25	56290	74195	17905
25	56368	75735	19367
25	56144	75637	19493
25	55805	74863	19058
25	56031	75829	19798
25	56371	75423	19052
25	55938	75859	19921
25	56392	75968	19576
25	55762	75698	19936
25	56719	75771	19052
25	55652	75579	19927
25	56585	75974	19389
25	55832	75542	19710
25	56305	75826	19521
25	55934	75691	19757
25	56150	74271	18121
25	56074	74495	18421
25	56161	75421	19260
25	55456	75639	20183
25	56353	75630	19277
25	56160	74571	18411
25	55783	74150	18367
25	56016	76002	19986
25	56153	74529	18376
25	56304	74981	18677
25	55602	75478	19876
25	56088	74599	18511
25	56263	75604	19341
26	56090	75993	19903
26	55754	75381	19627
26	55948	75390	19442
26	55836	75892	20056
26	55511	75200	19689
26	55855	75527	19672
26	55872	74607	18735
26	56119	75655	19536
26	55720	74991	19271
26	55396	75677	20281
26	55840	75864	20024
26	55559	74642	19083
26	56165	74599	18434
26	56271	75167	18896
26	55954	75273	19319
26	56033	75738	19705
26	55799	74292	18493
26	55880	75125	19245
26	56051	75535	19484
26	55919	75733	19814
26	55523	75734	20211
26	56167	76089	19922
26	56012	75786	19774
26	56697	75078	18381
26	55872	74155	18283
26	55952	74159	18207
26	55557	76022	20465
26	55657	74399	18742
26	55823	75161	19338
26	55829	75121	19292
26	56304	75565	19261
26	55991	76031	20040
26	56185	75721	19536
26	56005	75616	19611
26	55448	74295	18847
26	55812	74581	18769
26	56240	75725	19485
26	55865	75880	20015
26	55607	74277	18670
26	55984	74198	18214
26	55509	74659	19150
26	56142	74396	18254
26	55891	75699	19808
26	55963	75940	19977
26	54923	74554	19631
26	55924	74817	18893
26	55747	74546	18799
26	55786	75564	19778
26	55761	75581	19820
26	55823	75820	19997
26	56313	75823	19510
26	55851	75207	19356
26	55616	75743	20127
26	56152	74820	18668
26	55762	75619	19857
26	55464	75585	20121
26	56359	75994	19635
26	56024	74059	18035
26	56282	75686	19404
26	55569	75712	20143
26	55456	75582	20126
26	56304	75876	19572
26	56398	74124	17726
26	56577	75789	19212
26	56616	75304	18688
26	55764	75260	19496
26	56076	75217	19141
26	55530	75876	20346
26	56021	75362	19341
26	55787	75585	19798
26	56096	75920	19824
26	55521	75903	20382
26	55527	75340	19813
26	55476	75172	19696
26	56030	75813	19783
26	55616	75598	19982
26	55462	75622	20160
26	55925	75817	19892
26	55710	75536	19826
26	56288	75709	19421
26	56277	74611	18334
26	56037	75604	19567
26	55941	75650	19709
26	55927	76061	20134
26	55375	74489	19114
26	55703	76105	20402
27	55271	76049	20778
27	56116	75814	19698
27	55750	74846	19096
27	55885	75555	19670
27	55821	75647	19826
27	55582	74331	18749
27	56103	76062	19959
27	55714	75749	20035
27	55768	75185	19417
27	55825	74898	19073
27	55133	74506	19373
27	55338	74529	19191
27	56045	74286	18241
27	55694	75696	20002
27	55546	75936	20390
27	55984	74850	18866
27	55783	75987	20204
27	56030	75834	19804
27	56217	76074	19857
27	55647	75777	20130
27	55874	75810	19936
27	55555	75760	20205
27	55805	75508	19703
27	55476	74683	19207
27	55477	75834	20357
27	55321	75604	20283
27	55880	75627	19747
27	56466	75577	19111
27	55492	74458	18966
27	55447	74610	19163
27	55146	74272	19126
27	55276	75679	20403
27	55838	75821	19983
27	56188	75537	19349
27	55612	75827	20215
27	55757	75236	19479
27	55488	74932	19444
27	55975	75569	19594
27	56190	74810	18620
27	55819	75983	20164
27	55174	75631	20457
27	56213	75490	19277
27	55645	75751	20106
27	55572	74902	19330
27	55450	75743	20293
27	55846	75692	19846
27	55500	74299	18799
27	55828	75355	19527
27	55691	75670	19979
27	56059	75858	19799
27	55996	75903	19907
27	55963	75779	19816
27	55440	75041	19601
27	55942	75648	19706
27	56632	75776	19144
27	56182	75397	19215
27	55242	75842	20600
27	55487	75292	19805
27	55968	75845	19877
27	55471	75845	20374
27	56118	75971	19853
27	55433	75915	20482
27	55438	76052	20614
27	55776	74444	18668
27	55931	74660	18729
27	56081	75671	19590
27	55966	75719	19753
27	56025	76088	20063
27	56053	76126	20073
27	56078	75077	18999
27	55813	75580	19767
27	55626	75026	19400
27	56026	75730	19704
27	55595	75541	19946
27	55753	75621	19868
27	55549	75845	20296
27	55809	75222	19413
27	56052	75786	19734
27	55633	74680	19047
27	55712	75680	19968
27	55933	74200	18267
27	56068	75816	19748
27	56037	75006	18969
27	55616	74865	19249
27	56034	75891	19857
27	56283	74419	18136
28	55499	74754	19255
28	55816	75872	20056
28	55087	75658	20571
28	55508	76137	20629
28	55943	75402	19459
28	55132	75337	20205
28	55471	74762	19291
28	56044	76065	20021
28	55505	73995	18490
28	56250	75201	18951
28	55660	76098	20438
28	55714	74964	19250
28	55812	75298	19486
28	55460	74868	19408
28	55703	75681	19978
28	55618	75715	20097
28	55427	75518	20091
28	56051	75977	19926
28	55996	75617	19621
28	55863	74751	18888
28	55794	75497	19703
28	55843	75021	19178
28	56075	76102	20027
28	56083	76046	19963
28	56680	75065	18385
28	55506	75510	20004
28	55521	75884	20363
28	55679	76010	20331
28	56092	75950	19858
28	55339	74639	19300
28	56025	75783	19758
28	55551	75992	20441
28	55839	75268	19429
28	55951	75801	19850
28	55971	75805	19834
28	55721	75777	20056
28	55838	75800	19962
28	55732	75596	19864
28	55302	76132	20830
28	55431	75448	20017
28	55749	74562	18813
28	55199	75581	20382
28	56374	76066	19692
28	55960	75787	19827
28	55667	76120	20453
28	55548	76035	20487
28	55846	75995	20149
28	55610	75677	20067
28	56229	76109	19880
28	55780	75754	19974
28	56004	74664	18660
28	55614	74531	18917
28	55552	74636	19084
28	55247	75363	20116
28	55608	74581	18973
28	55174	74061	18887
28	55445	75637	20192
28	55694	75545	19851
28	55446	74297	18851
28	56015	75564	19549
28	55800	75694	19894
28	55931	75656	19725
28	55350	75836	20486
28	55642	74866	19224
28	55589	75819	20230
28	56276	75713	19437
28	55713	75406	19693
28	56026	75918	19892
28	56304	76075	19771
28	55235	75826	20591
28	55648	75764	20116
28	55414	75573	20159
28	55364	74045	18681
28	55934	75702	19768
28	55926	75612	19686
28	55881	75850	19969
28	55549	74930	19381
28	55781	74822	19041
28	55445	75379	19934
28	55222	75738	20516
28	55264	75588	20324
28	55534	74810	19276
28	55580	75622	20042
28	55884	75905	20021
28	55792	74426	18634
28	56102	75772	19670
29	55557	75954	20397
29	55507	75707	20200
29	55760	75694	19934
29	55439	75117	19678
29	55410	75568	20158
29	55693	75863	20170
29	55814	75783	19969
29	55317	75054	19737
29	55340	75751	20411
29	55610	75780	20170
29	55774	75750	19976
29	55698	75929	20231
29	55234	73949	18715
29	56096	75405	19309
29	55690	75857	20167
29	55982	74928	18946
29	56312	75872	19560
29	55163	75009	19846
29	55803	75899	20096
29	55899	75018	19119
29	55618	74594	18976
29	55185	76181	20996
29	55640	75702	20062
29	55261	76022	20761
29	55483	75801	20318
29	55415	75058	19643
29	55942	75780	19838
29	56022	75849	19827
29	55398	74677	19279
29	55641	74644	19003
29	55533	75793	20260
29	55844	75662	19818
29	55483	74397	18914
29	55566	75742	20176
29	56073	76112	20039
29	55315	75876	20561
29	55586	76124	20538
29	55649	75806	20157
29	55465	76224	20759
29	55220	74329	19109
29	55186	75827	20641
29	55826	75867	20041
29	55563	75074	19511
29	55787	75578	19791
29	55384	74609	19225
29	55635	75488	19853
29	55738	74885	19147
29	56012	75751	19739
29	56281	75885	19604
29	55051	75907	20856
29	55523	75151	19628
29	55691	75573	19882
29	55526	75899	20373
29	55799	75836	20037
29	55598	74836	19238
29	55174	76104	20930
29	55420	75887	20467
29	55796	74605	18809
29	56205	74903	18698
29	55442	75694	20252
29	55706	75528	19822
29	55782	74777	18995
29	55899	75862	19963
29	56032	74625	18593
29	55843	75803	19960
29	56334	75602	19268
29	55451	75882	20431
29	55433	76026	20593
29	55446	75134	19688
29	55797	76130	20333
29	55465	76063	20598
29	54925	74827	19902
29	55978	74483	18505
29	55539	74305	18766
29	55523	75921	20398
29	56295	75911	19616
29	54912	74210	19298
29	56254	76081	19827
29	56120	75674	19554
29	55235	75893	20658
29	55199	75001	19802
29	55552	74658	19106
29	55517	74927	19410
29	55844	75135	19291
29	56006	76072	20066
29	55505	74851	19346
30	55149	75581	20432
30	55488	75935	20447
30	55797	75112	19315
30	56000	75897	19897
30	55659	76097	20438
30	55775	75565	19790
30	55964	74615	18651
30	55324	74786	19462
30	55841	75638	19797
30	55696	75361	19665
30	55628	74678	19050
30	56057	75899	19842
30	55237	75886	20649
30	55412	74895	19483
30	55278	75396	20118
30	55511	75822	20311
30	55219	75538	20319
30	56248	75177	18929
30	55665	74892	19227
30	55070	76018	20948
30	55172	74952	19780
30	55673	75836	20163
30	55769	75945	20176
30	55868	75914	20046
30	55521	75707	20186
30	55547	75321	19774
30	56230	75893	19663
30	55900	75976	20076
30	55801	74565	18764
30	55687	75769	20082
30	54959	75569	20610
30	55505	76090	20585
30	56067	75802	19735
30	55907	75784	19877
30	55688	75061	19373
30	55876	75992	20116
30	55341	74709	19368
30	55743	74971	19228
30	55436	74467	19031
30	55760	75857	20097
30	55466	75618	20152
30	56047	74392	18345
30	55281	75609	20328
30	55787	75597	19810
30	55612	76123	20511
30	55693	74901	19208
30	55295	75953	20658
30	55169	76138	20969
30	55413	74879	19466
30	55646	75487	19841
30	55511	76140	20629
30	55208	75419	20211
30	55688	75021	19333
30	55416	75988	20572
30	55095	75880	20785
30	55662	74816	19154
30	55322	75887	20565
30	55553	75779	20226
30	55294	74507	19213
30	55669	75676	20007
30	55038	74886	19848
30	55117	74240	19123
30	55448	74536	19088
30	55650	75582	19932
30	55618	74629	19011
30	55383	75750	20367
30	55228	76129	20901
30	55466	75731	20265
30	55608	76133	20525
30	55367	75690	20323
30	55211	75147	19936
30	55133	75902	20769
30	55570	74756	19186
30	55511	75728	20217
30	55096	75915	20819
30	55188	75676	20488
30	56446	76131	19685
30	55427	74889	19462
30	55612	74325	18713
30	55735	75832	20097
30	55289	74542	19253
30	55161	75880	20719
30	55928	75622	19694
30	55822	75674	19852
30	55930	75761	19831
30	55723	75022	19299
31	55764	75815	20051
31	55739	75296	19557
31	55255	76144	20889
31	55080	75828	20748
31	55636	74817	19181
31	54933	75889	20956
31	55503	75721	20218
31	55783	74868	19085
31	55589	75834	20245
31	55207	75753	20546
31	55497	74433	18936
31	55441	74708	19267
31	55354	74444	19090
31	55703	74518	18815
31	56055	76090	20035
31	54853	74319	19466
31	55006	74955	19949
31	55003	76003	21000
31	55258	75299	20041
31	55342	75751	20409
31	55474	74929	19455
31	55198	75363	20165
31	55076	74378	19302
31	55186	74662	19476
31	55190	76111	20921
31	55792	75592	19800
31	55580	75617	20037
31	55453	75601	20148
31	55355	75754	20399
31	55617	75862	20245
31	55374	75698	20324
31	55266	75828	20562
31	55110	74327	19217
31	55542	76070	20528
31	55395	75658	20263
31	55635	74918	19283
31	54935	75539	20604
31	55026	75865	20839
31	55510	76120	20610
31	55175	75701	20526
31	55577	75792	20215
31	55370	75745	20375
31	55536	75813	20277
31	55485	75899	20414
31	55095	75742	20647
31	55441	75333	19892
31	54952	74964	20012
31	55548	75792	20244
31	55094	75604	20510
31	55331	75979	20648
31	55361	75882	20521
31	54927	75524	20597
31	55551	75971	20420
31	55336	75730	20394
31	55751	74819	19068
31	55174	76137	20963
31	55210	74739	19529
31	55080	75699	20619
31	55287	75171	19884
31	55695	75516	19821
31	54837	74671	19834
31	55498	74420	18922
31	54828	75814	20986
31	55323	76049	20726
31	55292	74770	19478
31	55827	75667	19840
31	55558	75851	20293
31	54880	75825	20945
31	55812	75735	19923
31	55494	75682	20188
31	55414	74377	18963
31	55586	75770	20184
31	55450	76133	20683
31	54948	75742	20794
31	55621	75299	19678
31	55417	74953	19536
31	55479	74737	19258
31	55211	76093	20882
31	55110	75945	20835
31	54804	75774	20970
31	55941	76141	20200
31	55709	75142	19433
31	55051	75087	20036
31	55215	75903	20688
31	54926	75578	20652
31	55218	75737	20519
32	55351	75808	20457
32	55197	75070	19873
32	55455	75246	19791
32	55290	75619	20329
32	55236	76046	20810
32	55152	75311	20159
32	55008	75110	20102
32	55346	75881	20535
32	55314	75782	20468
32	55176	75584	20408
32	55625	76143	20518
32	55208	75934	20726
32	55388	76190	20802
32	55191	75545	20354
32	55695	75998	20303
32	54925	75968	21043
32	55480	75208	19728
32	55575	75875	20300
32	55352	75748	20396
32	55264	75839	20575
32	55299	75631	20332
32	55301	76048	20747
32	55944	76080	20136
32	55902	75970	20068
32	55698	75939	20241
32	55115	75961	20846
32	55856	75594	19738
32	54979	74527	19548
32	54858	75820	20962
32	55208	76079	20871
32	55270	75204	19934
32	55572	74893	19321
32	55279	75521	20242
32	54695	74515	19820
32	55314	75597	20283
32	55096	76124	21028
32	55244	75621	20377
32	55704	75809	20105
32	55275	76003	20728
32	55034	74986	19952
32	55821	75666	19845
32	55312	75733	20421
32	56183	75676	19493
32	55744	75330	19586
32	55202	75918	20716
32	54844	76038	21194
32	55196	76054	20858
32	55222	76045	20823
32	55134	75300	20166
32	55821	75862	20041
32	55081	75731	20650
32	55009	75669	20660
32	55421	75678	20257
32	54788	75770	20982
32	55030	75846	20816
32	54908	76091	21183
32	55688	76027	20339
32	55745	74470	18725
32	55351	74237	18886
32	55114	75895	20781
32	55435	74311	18876
32	55105	75658	20553
32	54814	75744	20930
32	55540	75964	20424
32	55241	75357	20116
32	55225	75610	20385
32	55479	75608	20129
32	55106	75399	20293
32	55158	75633	20475
32	55085	76038	20953
32	55404	75012	19608
32	55221	75306	20085
32	55691	75289	19598
32	55781	75958	20177
32	55288	75686	20398
32	55608	76016	20408
32	54775	75765	20990
32	55676	74653	18977
32	55095	74384	19289
32	55013	75063	20050
32	55253	75873	20620
32	55291	74408	19117
32	56020	75720	19700
32	55365	75581	20216
32	55142	74881	19739
32	55640	76012	20372
33	55132	75658	20526
33	55024	75946	20922
33	54968	75602	20634
33	55423	75195	19772
33	55213	75924	20711
33	54932	75193	20261
33	54941	75858	20917
33	55298	74563	19265
33	55050	75586	20536
33	55311	75783	20472
33	55286	74941	19655
33	55098	75734	20636
33	54912	74891	19979
33	55534	75762	20228
33	55389	75989	20600
33	55070	75297	20227
33	55612	75870	20258
33	55103	75827	20724
33	55591	74783	19192
33	55578	75894	20316
33	54838	75823	20985
33	54973	74511	19538
33	55363	75843	20480
33	55431	75812	20381
33	55466	74481	19015
33	55203	75836	20633
33	55453	76033	20580
33	54911	75760	20849
33	54675	75872	21197
33	55122	75982	20860
33	55366	76069	20703
33	54853	74359	19506
33	54938	74743	19805
33	54829	76099	21270
33	55150	75676	20526
33	54886	75994	21108
33	54911	75593	20682
33	55425	75253	19828
33	55106	75448	20342
33	55086	74967	19881
33	55401	75939	20538
33	55117	76044	20927
33	55112	76246	21134
33	55708	75897	20189
33	55562	75596	20034
33	54902	75239	20337
33	55296	75957	20661
33	55773	74787	19014
33	55037	75841	20804
33	55306	75858	20552
33	55311	75981	20670
33	55426	75092	19666
33	54981	74403	19422
33	55077	75728	20651
33	55328	76018	20690
33	55356	74450	19094
33	55593	74731	19138
33	54760	75708	20948
33	55228	75999	20771
33	55206	75753	20547
33	55477	75626	20149
33	55136	75006	19870
33	55410	75662	20252
33	55078	74672	19594
33	55925	76121	20196
33	55190	75131	19941
33	55281	74831	19550
33	54857	74936	20079
33	55221	75882	20661
33	54772	75997	21225
33	54716	75576	20860
33	55280	75742	20462
33	55683	74739	19056
33	54784	75756	20972
33	55237	74983	19746
33	54998	74773	19775
33	54694	75397	20703
33	55407	75999	20592
33	54830	74471	19641
33	54979	75356	20377
33	55650	76098	20448
33	56066	75911	19845
33	55440	75140	19700
33	54988	75598	20610
33	55493	75695	20202
33	55355	75039	19684
34	55036	75848	20812
34	55210	75674	20464
34	55095	74968	19873
34	55090	75877	20787
34	55384	75120	19736
34	55566	76092	20526
34	55808	75870	20062
34	55192	75666	20474
34	55110	74567	19457
34	54773	75717	20944
34	54968	75512	20544
34	55770	75970	20200
34	55172	75090	19918
34	54980	75631	20651
34	55313	74961	19648
34	55470	75695	20225
34	55161	75432	20271
34	55078	75630	20552
34	55303	75763	20460
34	55113	75727	20614
34	55186	75750	20564
34	54724	76127	21403
34	55021	75390	20369
34	55505	75842	20337
34	55258	75854	20596
34	55114	75605	20491
34	54972	75921	20949
34	55467	75439	19972
34	55342	76178	20836
34	55547	75699	20152
34	55201	74995	19794
34	54648	75790	21142
34	54737	75590	20853
34	54952	75320	20368
34	55688	75870	20182
34	54827	75820	20993
34	54940	74783	19843
34	55261	75814	20553
34	55479	74733	19254
34	54810	74661	19851
34	55094	75388	20294
34	55334	76115	20781
34	55515	75202	19687
34	55212	75885	20673
34	55530	75136	19606
34	54925	75615	20690
34	55362	75653	20291
34	55266	75136	19870
34	55449	75877	20428
34	55171	75703	20532
34	55387	75714	20327
34	55032	75922	20890
34	55084	76060	20976
34	54900	75925	21025
34	55109	75666	20557
34	55177	74433	19256
34	54851	75185	20334
34	55681	75908	20227
34	55821	75786	19965
34	55266	75977	20711
34	55202	75924	20722
34	55316	75476	20160
34	54968	74565	19597
34	54927	75743	20816
34	55385	75704	20319
34	55164	75850	20686
34	55063	76037	20974
34	55183	75054	19871
34	55207	75756	20549
34	55431	74763	19332
34	55475	75613	20138
34	54606	75911	21305
34	54887	75451	20564
34	55667	75812	20145
34	55324	75543	20219
34	55220	75534	20314
34	55180	74921	19741
34	55395	76145	20750
34	55053	76179	21126
34	54942	75802	20860
34	54888	75805	20917
34	55047	75909	20862
34	55220	74956	19736
34	55443	76120	20677
34	55330	76172	20842
34	55310	75864	20554
35	54932	75415	20483
35	54915	75818	20903
35	55149	76029	20880
35	54989	76022	21033
35	55684	75928	20244
35	54507	74635	20128
35	54744	76136	21392
35	55083	76013	20930
35	54887	75929	21042
35	55102	75990	20888
35	54803	75747	20944
35	54801	75912	21111
35	55005	75926	20921
35	55240	76111	20871
35	54772	75956	21184
35	55377	75426	20049
35	54785	75929	21144
35	54919	75298	20379
35	54977	76059	21082
35	55281	75985	20704
35	55226	76184	20958
35	55019	76083	21064
35	55293	75609	20316
35	54941	74413	19472
35	55070	74686	19616
35	54748	75418	20670
35	55113	75740	20627
35	54882	75039	20157
35	54752	75948	21196
35	54552	75811	21259
35	54867	75375	20508
35	55282	74720	19438
35	55097	75609	20512
35	54552	75822	21270
35	54983	75455	20472
35	54961	75529	20568
35	55151	75879	20728
35	54817	75102	20285
35	55272	75985	20713
35	54861	76141	21280
35	55333	76093	20760
35	55599	74798	19199
35	55597	75834	20237
35	55173	75104	19931
35	54763	75667	20904
35	55023	76001	20978
35	54877	75953	21076
35	55165	74761	19596
35	54744	75642	20898
35	55363	75798	20435
35	55217	75260	20043
35	54834	75812	20978
35	54836	76229	21393
35	54924	74565	19641
35	54911	74147	19236
35	55140	75898	20758
35	54738	76061	21323
35	55426	75977	20551
35	54924	75955	21031
35	55032	75863	20831
35	55071	75069	19998
35	55216	74962	19746
35	55098	76044	20946
35	55288	75978	20690
35	55155	76149	20994
35	55042	75976	20934
35	55306	75876	20570
35	55523	75500	19977
35	54986	75912	20926
35	55052	75816	20764
35	55245	75221	19976
35	55189	75127	19938
35	54910	75736	20826
35	55040	74960	19920
35	55062	75921	20859
35	54836	75778	20942
35	54881	76144	21263
35	54815	75891	21076
35	55172	76030	20858
35	54816	75688	20872
35	55212	75851	20639
35	55039	75458	20419
35	55100	74982	19882
35	55068	75401	20333
35	55000	76149	21149
35	54660	75862	21202
36	55407	75759	20352
36	55138	75047	19909
36	55364	75922	20558
36	54588	74417	19829
36	55093	74961	19868
36	54817	75917	21100
36	54733	75319	20586
36	54767	75834	21067
36	54796	75602	20806
36	54779	75906	21127
36	55322	75371	20049
36	54679	75570	20891
36	54960	75748	20788
36	55335	75753	20418
36	54504	75889	21385
36	55392	75256	19864
36	55540	76111	20571
36	55318	76113	20795
36	55236	75532	20296
36	54907	75777	20870
36	54869	74986	20117
36	55175	75901	20726
36	54868	75926	21058
36	54670	76082	21412
36	54685	76045	21360
36	55234	75620	20386
36	54997	74736	19739
36	54636	76053	21417
36	55307	76110	20803
36	55036	75832	20796
36	54697	74805	20108
36	54931	75321	20390
36	54852	76027	21175
36	55146	75569	20423
36	55101	75898	20797
36	55234	75335	20101
36	54688	75997	21309
36	54919	75680	20761
36	54490	75387	20897
36	54767	75751	20984
36	54596	75269	20673
36	55030	75971	20941
36	54652	75794	21142
36	55041	76202	21161
36	55155	75914	20759
36	54579	75718	21139
36	54518	75780	21262
36	54975	75758	20783
36	54716	75975	21259
36	55103	76150	21047
36	55170	76057	20887
36	54363	74377	20014
36	55323	75620	20297
36	55551	75900	20349
36	54877	76134	21257
36	54498	75600	21102
36	54770	75447	20677
36	54663	75793	21130
36	54842	75250	20408
36	54799	75919	21120
36	54679	75369	20690
36	55564	75659	20095
36	55205	76114	20909
36	54738	76114	21376
36	54946	75624	20678
36	55433	75177	19744
36	55017	75662	20645
36	54361	76101	21740
36	55059	75223	20164
36	55217	75133	19916
36	54709	74862	20153
36	54883	75531	20648
36	55196	76078	20882
36	54939	75950	21011
36	55076	75339	20263
36	55049	75193	20144
36	55084	75275	20191
36	54984	76102	21118
36	54901	75909	21008
36	54903	75179	20276
36	55030	75777	20747
36	55331	76109	20778
36	54731	76034	21303
36	55089	75920	20831
36	55068	75009	19941
36	55551	75199	19648
37	55306	75886	20580
37	54512	75697	21185
37	55209	75768	20559
37	55099	76139	21040
37	54863	75964	21101
37	54904	76239	21335
37	54875	75193	20318
37	54587	76002	21415
37	55633	75969	20336
37	54858	75730	20872
37	54644	75601	20957
37	55288	75925	20637
37	54769	76104	21335
37	54842	75601	20759
37	54857	75793	20936
37	54412	75925	21513
37	54855	75911	21056
37	55073	75788	20715
37	54787	75977	21190
37	55160	74849	19689
37	54493	75775	21282
37	55068	74953	19885
37	55789	75997	20208
37	54651	74950	20299
37	54420	75633	21213
37	54922	75850	20928
37	54676	74987	20311
37	55015	75705	20690
37	54760	75754	20994
37	55206	76180	20974
37	54831	75881	21050
37	55195	75619	20424
37	55500	75982	20482
37	55356	76102	20746
37	54930	75130	20200
37	54421	75597	21176
37	54499	74790	20291
37	54924	76039	21115
37	54987	75798	20811
37	55260	76108	20848
37	54842	75713	20871
37	55119	75881	20762
37	54929	74818	19889
37	54842	76052	21210
37	54808	76036	21228
37	55513	75994	20481
37	55136	75901	20765
37	54303	75913	21610
37	55272	76210	20938
37	55393	75422	20029
37	55091	75388	20297
37	54572	76013	21441
37	54621	75750	21129
37	54862	75998	21136
37	55228	76004	20776
37	54508	75714	21206
37	55115	76035	20920
37	54423	75565	21142
37	55109	75970	20861
37	55154	75957	20803
37	54760	76000	21240
37	55130	75968	20838
37	54810	76053	21243
37	54934	76041	21107
37	54693	75305	20612
37	54453	75925	21472
37	54385	75838	21453
37	55280	75915	20635
37	55109	75828	20719
37	54789	75808	21019
37	55013	74431	19418
37	54461	75726	21265
37	54776	75597	20821
37	55061	76015	20954
37	54466	76076	21610
37	55097	76017	20920
37	54860	76171	21311
37	55174	75886	20712
37	54320	75950	21630
37	54912	74264	19352
37	55130	75714	20584
37	55112	75981	20869
37	55091	75806	20715
37	54788	75931	21143
37	54671	75929	21258
37	54799	74460	19661
38	54367	76205	21838
38	54883	75773	20890
38	54478	76104	21626
38	54647	76057	21410
38	54788	75822	21034
38	54844	76065	21221
38	54680	75931	21251
38	54934	75632	20698
38	55219	76146	20927
38	54733	75892	21159
38	54803	76137	21334
38	55025	75969	20944
38	54841	75931	21090
38	54370	76155	21785
38	54795	76149	21354
38	55244	75925	20681
38	55034	75946	20912
38	54904	75985	21081
38	54988	75167	20179
38	54654	75937	21283
38	54634	75852	21218
38	55262	75629	20367
38	55009	74873	19864
38	55025	75807	20782
38	54688	76059	21371
38	54524	75809	21285
38	54714	75481	20767
38	54862	76107	21245
38	55100	74673	19573
38	54395	75840	21445
38	55237	75702	20465
38	54527	76195	21668
38	54608	75915	21307
38	54883	76079	21196
38	55000	75708	20708
38	54778	76080	21302
38	54894	76063	21169
38	54728	75859	21131
38	55252	75716	20464
38	54955	74743	19788
38	54800	75795	20995
38	54735	75820	21085
38	54962	76014	21052
38	55220	75929	20709
38	54857	76045	21188
38	54915	75895	20980
38	55136	76127	20991
38	54988	75635	20647
38	55236	75734	20498
38	55052	75794	20742
38	54946	76069	21123
38	54952	76096	21144
38	54622	76039	21417
38	55240	75838	20598
38	54481	75923	21442
38	55083	76009	20926
38	54708	75779	21071
38	54377	74370	19993
38	54691	76167	21476
38	54569	76065	21496
38	54718	75901	21183
38	55375	75838	20463
38	55005	75905	20900
38	55042	75287	20245
38	54735	75817	21082
38	54891	75905	21014
38	55048	76165	21117
38	54158	74855	20697
38	55009	75776	20767
38	54837	75385	20548
38	54867	75404	20537
38	54957	75425	20468
38	54945	75095	20150
38	55459	75908	20449
38	54790	76196	21406
38	54997	75919	20922
38	54597	75945	21348
38	54748	75867	21119
38	54991	75872	20881
38	55065	76118	21053
38	54762	75654	20892
38	54612	75981	21369
38	55112	76039	20927
38	54719	75863	21144
38	54975	75331	20356
38	55224	75802	20578
39	54802	75787	20985
39	54740	75764	21024
39	54171	76087	21916
39	54769	74943	20174
39	54625	75761	21136
39	54777	75964	21187
39	54034	74712	20678
39	54923	75698	20775
39	54847	75944	21097
39	54360	75823	21463
39	54690	75902	21212
39	54358	74823	20465
39	54776	76070	21294
39	54423	76119	21696
39	54377	75862	21485
39	54691	76036	21345
39	54984	76030	21046
39	54366	75979	21613
39	54895	75959	21064
39	54595	75978	21383
39	54945	76010	21065
39	54467	75880	21413
39	55015	75951	20936
39	55170	75576	20406
39	54597	76117	21520
39	54529	74998	20469
39	54594	75415	20821
39	54689	76007	21318
39	54387	74968	20581
39	55016	75718	20702
39	54994	74970	19976
39	55151	76123	20972
39	54944	75928	20984
39	55098	75509	20411
39	54518	76032	21514
39	54972	75882	20910
39	54690	75862	21172
39	54303	75615	21312
39	55009	76088	21079
39	54535	75910	21375
39	55149	75924	20775
39	54660	75846	21186
39	54223	74924	20701
39	54729	75953	21224
39	54665	74717	20052
39	54699	75830	21131
39	54641	76230	21589
39	54741	76104	21363
39	54870	75145	20275
39	54343	75656	21313
39	54745	75334	20589
39	54972	74655	19683
39	54883	75845	20962
39	55236	75757	20521
39	55254	76136	20882
39	54737	75936	21199
39	54737	75697	20960
39	55033	75986	20953
39	54220	75883	21663
39	54801	76039	21238
39	54575	75482	20907
39	54296	75740	21444
39	54787	74430	19643
39	54836	76130	21294
39	55027	75772	20745
39	54607	75871	21264
39	55101	75110	20009
39	54383	75055	20672
39	54368	75212	20844
39	54837	75536	20699
39	54963	74643	19680
39	54806	75858	21052
39	54241	76153	21912
39	54730	75027	20297
39	54603	74930	20327
39	54821	75628	20807
39	54464	75473	21009
39	54761	75936	21175
39	54898	76132	21234
39	54449	75694	21245
39	54640	75940	21300
39	54818	76069	21251
39	55065	75846	20781
39	54757	75840	21083
39	55229	76216	20987
39	54235	75001	20766
40	54962	76105	21143
40	54830	76206	21376
40	54957	75518	20561
40	54320	75497	21177
40	54555	75999	21444
40	54883	74757	19874
40	54644	75614	20970
40	54696	75671	20975
40	54716	75813	21097
40	54690	76100	21410
40	54796	76026	21230
40	54715	76143	21428
40	54891	76097	21206
40	54266	75025	20759
40	54621	76195	21574
40	55022	76122	21100
40	54778	74773	19995
40	54855	75512	20657
40	54602	75825	21223
40	54388	75869	21481
40	55002	75884	20882
40	54743	75442	20699
40	54600	76022	21422
40	55372	75853	20481
40	54767	76167	21400
40	54588	74890	20302
40	54538	74874	20336
40	54649	75898	21249
40	54832	75695	20863
40	54938	76028	21090
40	54311	75971	21660
40	54977	75975	20998
40	54252	76196	21944
40	55145	75925	20780
40	54662	75771	21109
40	54383	75620	21237
40	54690	75703	21013
40	54610	76064	21454
40	54627	75879	21252
40	54347	76086	21739
40	54452	74963	20511
40	54838	75788	20950
40	54488	75593	21105
40	54656	76035	21379
40	54777	76237	21460
40	54720	74524	19804
40	54471	75915	21444
40	54721	76143	21422
40	54565	75981	21416
40	54711	76051	21340
40	54646	75809	21163
40	54506	74507	20001
40	54600	74587	19987
40	54616	75905	21289
40	54423	76047	21624
40	54921	76149	21228
40	54555	75819	21264
40	54691	75813	21122
40	54448	75630	21182
40	54891	75953	21062
40	54721	75971	21250
40	54817	75648	20831
40	54900	75966	21066
40	54632	75745	21113
40	54634	75194	20560
40	54375	75705	21330
40	54612	75783	21171
40	54368	75906	21538
40	54451	75872	21421
40	54782	74747	19965
40	54193	75154	20961
40	54742	75858	21116
40	54425	74990	20565
40	54897	74343	19446
40	55170	76195	21025
40	54727	75932	21205
40	55026	75901	20875
40	54735	76163	21428
40	54849	75857	21008
40	54828	75888	21060
40	55004	76065	21061
40	54656	74554	19898
40	54727	75953	21226
40	54275	75594	21319
40	54260	74831	20571
40	54389	75926	21537
41	54015	75495	21480
41	54275	75725	21450
41	54514	76092	21578
41	54522	75990	21468
41	54438	76174	21736
41	54948	75902	20954
41	54193	75193	21000
41	54552	75704	21152
41	54914	75198	20284
41	54191	74714	20523
41	54490	75853	21363
41	55099	75630	20531
41	54477	76197	21720
41	54674	75983	21309
41	54767	76120	21353
41	55029	74559	19530
41	54739	76013	21274
41	54842	75851	21009
41	55199	75918	20719
41	54597	75636	21039
41	54359	74706	20347
41	54995	76025	21030
41	54759	75945	21186
41	54505	75817	21312
41	54826	76100	21274
41	55031	75267	20236
41	54375	75937	21562
41	54686	74596	19910
41	54595	75437	20842
41	54990	75960	20970
41	54755	76082	21327
41	54882	75918	21036
41	54686	76065	21379
41	54418	76166	21748
41	54486	76123	21637
41	54522	76124	21602
41	54361	75786	21425
41	54614	76034	21420
41	54428	76105	21677
41	54906	76039	21133
41	54463	75285	20822
41	54292	75046	20754
41	54427	75330	20903
41	54678	75049	20371
41	55077	76182	21105
41	55014	75289	20275
41	54117	75856	21739
41	54414	76051	21637
41	54732	75046	20314
41	54899	75040	20141
41	54756	76239	21483
41	54580	75939	21359
41	54686	75820	21134
41	54629	76010	21381
41	54229	75949	21720
41	54575	75702	21127
41	55066	76006	20940
41	54505	75777	21272
41	54722	75879	21157
41	54630	75914	21284
41	54273	75966	21693
41	54550	76066	21516
41	54789	75045	20256
41	54851	76117	21266
41	55125	75881	20756
41	54859	75514	20655
41	54429	76029	21600
41	54667	75242	20575
41	54877	76169	21292
41	54485	74208	19723
41	54895	76072	21177
41	54874	75991	21117
41	55028	75634	20606
41	54884	75612	20728
41	54662	76243	21581
41	54573	75721	21148
41	54863	76164	21301
41	54888	75471	20583
41	54310	75714	21404
41	54826	76194	21368
41	54501	74412	19911
41	54904	75560	20656
41	54145	76089	21944
41	54115	76126	22011
41	54522	76199	21677
41	54917	75933	21016
42	54525	76006	21481
42	54545	75869	21324
42	54878	76223	21345
42	54654	75687	21033
42	54587	76033	21446
42	54789	75619	20830
42	54851	75836	20985
42	54437	76039	21602
42	54610	74868	20258
42	54161	74549	20388
42	54240	76078	21838
42	55129	75526	20397
42	54941	75753	20812
42	54359	75861	21502
42	54604	75197	20593
42	54555	76052	21497
42	54739	76001	21262
42	54819	75896	21077
42	54834	75934	21100
42	54237	76008	21771
42	54480	75779	21299
42	54233	76063	21830
42	54192	75058	20866
42	54322	75917	21595
42	54634	76149	21515
42	54336	75704	21368
42	54267	75930	21663
42	54409	75668	21259
42	54379	76043	21664
42	54833	75978	21145
42	54528	76168	21640
42	54798	76062	21264
42	54404	76037	21633
42	54408	75546	21138
42	54342	75445	21103
42	54712	75516	20804
42	54797	75921	21124
42	54804	76147	21343
42	54404	76051	21647
42	54241	76026	21785
42	54359	75880	21521
42	54667	75929	21262
42	54693	76012	21319
42	54461	75842	21381
42	54076	76127	22051
42	54485	75956	21471
42	54365	76181	21816
42	54562	75662	21100
42	54295	76058	21763
42	54060	76108	22048
42	54288	75875	21587
42	55039	75936	20897
42	54618	75860	21242
42	54675	75760	21085
42	54452	75817	21365
42	54672	76201	21529
42	54455	76034	21579
42	53879	75805	21926
42	54453	75221	20768
42	54787	75067	20280
42	54875	75916	21041
42	54529	76131	21602
42	54622	76215	21593
42	54777	75353	20576
42	54128	74919	20791
42	54632	75741	21109
42	54358	76181	21823
42	54782	75860	21078
42	54577	75714	21137
42	54849	76232	21383
42	54807	75817	21010
42	54715	76195	21480
42	55167	75883	20716
42	54932	75517	20585
42	54345	75929	21584
42	54693	75740	21047
42	54816	76045	21229
42	54194	75746	21552
42	54974	75648	20674
42	54103	76120	22017
42	54556	75800	21244
42	54706	75760	21054
42	54661	75464	20803
42	54437	75974	21537
42	55028	76021	20993
42	54550	75824	21274
43	55011	75534	20523
43	54092	75814	21722
43	54215	75704	21489
43	54374	75889	21515
43	54868	76000	21132
43	54784	75602	20818
43	54566	75080	20514
43	54094	75847	21753
43	54690	75720	21030
43	54321	75791	21470
43	54356	75916	21560
43	54986	76038	21052
43	54581	76167	21586
43	54484	75658	21174
43	54575	76222	21647
43	54711	75911	21200
43	55021	75673	20652
43	54413	75648	21235
43	54623	75785	21162
43	54418	76205	21787
43	54363	75874	21511
43	54124	76166	22042
43	54225	75238	21013
43	54728	75969	21241
43	54366	75679	21313
43	54556	76024	21468
43	54407	75357	20950
43	54632	75516	20884
43	54835	75747	20912
43	54895	76019	21124
43	54480	75804	21324
43	54710	75796	21086
43	54742	75873	21131
43	54797	75995	21198
43	53911	74933	21022
43	54498	75559	21061
43	54239	76142	21903
43	54556	75707	21151
43	54366	76249	21883
43	54426	75738	21312
43	54767	75734	20967
43	54724	75656	20932
43	54071	76057	21986
43	54693	75823	21130
43	54231	75223	20992
43	54558	75649	21091
43	54129	76247	22118
43	54548	76189	21641
43	54797	75876	21079
43	54735	75686	20951
43	54058	75616	21558
43	54619	75703	21084
43	54716	75634	20918
43	54578	76024	21446
43	54431	75750	21319
43	54274	75779	21505
43	54507	75906	21399
43	54207	75032	20825
43	55152	75959	20807
43	54417	74458	20041
43	54574	75735	21161
43	54774	76262	21488
43	54278	74739	20461
43	54501	75700	21199
43	54665	75615	20950
43	54865	75918	21053
43	54212	75965	21753
43	54684	75905	21221
43	54581	76167	21586
43	54296	75776	21480
43	54278	76131	21853
43	54599	76206	21607
43	54347	75618	21271
43	54487	74790	20303
43	54498	75646	21148
43	54080	75889	21809
43	54608	75924	21316
43	54454	75429	20975
43	54422	75922	21500
43	54513	75701	21188
43	54363	74957	20594
43	54003	75688	21685
43	54280	75954	21674
43	54233	76046	21813
43	54321	75918	21597
43	54494	75586	21092
44	54322	76233	21911
44	53907	76084	22177
44	54635	76027	21392
44	54214	76203	21989
44	54067	75253	21186
44	54715	76154	21439
44	54232	75942	21710
44	54440	75535	21095
44	54416	75920	21504
44	54602	76165	21563
44	54260	76164	21904
44	54197	76231	22034
44	54213	75789	21576
44	54596	76159	21563
44	54532	75887	21355
44	54131	75931	21800
44	54248	76046	21798
44	54082	76120	22038
44	54245	75025	20780
44	54702	76121	21419
44	54287	76206	21919
44	54273	75506	21233
44	54508	75994	21486
44	54967	75422	20455
44	54454	76176	21722
44	54650	75918	21268
44	54508	75224	20716
44	54674	75969	21295
44	54666	75922	21256
44	54145	75667	21522
44	54324	76068	21744
44	54615	75833	21218
44	54445	76144	21699
44	54426	75845	21419
44	54813	76153	21340
44	54546	76163	21617
44	54386	76171	21785
44	54344	76148	21804
44	54214	76022	21808
44	54602	76013	21411
44	54406	76000	21594
44	54557	76185	21628
44	54423	75766	21343
44	54842	75865	21023
44	54485	74642	20157
44	54389	75955	21566
44	54536	75628	21092
44	54191	75780	21589
44	54687	76096	21409
44	54393	74984	20591
44	54528	75677	21149
44	54224	75858	21634
44	54237	75993	21756
44	54301	75914	21613
44	54814	75745	20931
44	54637	75390	20753
44	54536	76204	21668
44	54450	75824	21374
44	54387	75864	21477
44	54144	76129	21985
44	54171	76117	21946
44	54782	75855	21073
44	54453	75816	21363
44	54319	76208	21889
44	54317	76159	21842
44	54567	75929	21362
44	54721	75925	21204
44	53961	76005	22044
44	54205	75298	21093
44	54114	75425	21311
44	54195	75773	21578
44	54109	76081	21972
44	54752	76211	21459
44	54345	75954	21609
44	54201	75998	21797
44	54294	76108	21814
44	54187	76043	21856
44	54740	75196	20456
44	54455	75695	21240
44	54615	76007	21392
44	55035	74818	19783
44	54395	76014	21619
44	54330	75929	21599
44	54316	76122	21806
44	54456	75965	21509
44	54392	76064	21672
45	54255	76189	21934
45	53993	75750	21757
45	54258	75088	20830
45	54372	76053	21681
45	54485	75943	21458
45	54088	76061	21973
45	54262	75897	21635
45	54134	75955	21821
45	54262	76021	21759
45	54377	76115	21738
45	54268	76175	21907
45	54296	75840	21544
45	54630	76210	21580
45	54133	75717	21584
45	54694	76038	21344
45	54538	76120	21582
45	54352	75957	21605
45	54985	75238	20253
45	54301	75720	21419
45	54362	75954	21592
45	54358	75836	21478
45	54391	76181	21790
45	54163	75771	21608
45	54007	76044	22037
45	54406	75872	21466
45	54651	75958	21307
45	54434	76127	21693
45	54532	75841	21309
45	54416	75520	21104
45	54533	75749	21216
45	54140	76056	21916
45	54764	75902	21138
45	54252	76148	21896
45	54221	75928	21707
45	54892	75020	20128
45	54440	75477	21037
45	53990	75979	21989
45	54602	75789	21187
45	54235	75684	21449
45	54139	74810	20671
45	54648	75967	21319
45	54518	75678	21160
45	54184	75733	21549
45	54185	75543	21358
45	54024	76162	22138
45	54115	75928	21813
45	54200	75949	21749
45	54468	76042	21574
45	54397	75872	21475
45	54377	75965	21588
45	54107	76134	22027
45	54563	76249	21686
45	54261	76160	21899
45	54320	76126	21806
45	54523	75945	21422
45	54431	75786	21355
45	54306	75646	21340
45	54118	75351	21233
45	54491	75851	21360
45	54468	76025	21557
45	54360	76099	21739
45	54195	76076	21881
45	54557	75943	21386
45	54425	76013	21588
45	53723	76112	22389
45	54502	75843	21341
45	54496	75907	21411
45	54273	75712	21439
45	54765	76161	21396
45	54298	76215	21917
45	54217	75942	21725
45	54049	76052	22003
45	54179	76209	22030
45	54261	76195	21934
45	54100	75775	21675
45	54042	75834	21792
45	53811	75817	22006
45	54578	75021	20443
45	54142	75673	21531
45	54157	75929	21772
45	54809	76171	21362
45	54516	75940	21424
45	54755	76077	21322
45	54702	76156	21454
45	54003	76036	22033
45	54122	75938	21816
46	54427	76061	21634
46	54241	75234	20993
46	54219	76113	21894
46	54452	76000	21548
46	54217	76140	21923
46	54597	76130	21533
46	53989	74988	20999
46	54237	75742	21505
46	54165	75842	21677
46	54530	75171	20641
46	54856	76097	21241
46	54464	75400	20936
46	54087	76069	21982
46	54429	75660	21231
46	54073	75940	21867
46	54564	76170	21606
46	54176	75837	21661
46	54346	75709	21363
46	54474	75753	21279
46	54361	76154	21793
46	54297	75194	20897
46	54083	75943	21860
46	54141	76028	21887
46	53996	75717	21721
46	54205	76082	21877
46	54126	75817	21691
46	54260	76046	21786
46	54550	75657	21107
46	54009	75180	21171
46	54050	75770	21720
46	54707	75254	20547
46	54536	75922	21386
46	54339	76028	21689
46	54144	76206	22062
46	54118	75786	21668
46	54162	75883	21721
46	54333	76068	21735
46	54189	75881	21692
46	54379	75955	21576
46	54841	76054	21213
46	54293	75951	21658
46	54515	75883	21368
46	54213	76068	21855
46	54075	75652	21577
46	54465	76089	21624
46	54072	75998	21926
46	54098	76159	22061
46	54364	76199	21835
46	54228	76249	22021
46	54134	76170	22036
46	53802	75672	21870
46	54231	75658	21427
46	54428	75923	21495
46	54417	76128	21711
46	53859	76187	22328
46	54410	75950	21540
46	54256	76058	21802
46	54130	76131	22001
46	54314	76239	21925
46	54185	75810	21625
46	54162	76014	21852
46	53938	75977	22039
46	54769	76170	21401
46	54154	76041	21887
46	53974	76013	22039
46	54369	75507	21138
46	54450	76191	21741
46	54455	75727	21272
46	54540	76075	21535
46	54058	76240	22182
46	54197	75980	21783
46	54198	76167	21969
46	53911	76060	22149
46	54258	75970	21712
46	54100	76157	22057
46	54332	75936	21604
46	54176	76018	21842
46	54223	76173	21950
46	54097	75763	21666
46	54714	75875	21161
46	54148	76233	22085
46	54504	76044	21540
46	54180	75878	21698
46	53835	75934	22099
46	54338	76103	21765
46	54542	76164	21622
47	54118	76192	22074
47	54222	75405	21183
47	54262	75943	21681
47	54290	76238	21948
47	54245	75780	21535
47	54235	76197	21962
47	54537	75829	21292
47	54103	76123	22020
47	54099	75854	21755
47	54091	76081	21990
47	54300	75775	21475
47	54597	76052	21455
47	54367	76122	21755
47	54508	76077	21569
47	53918	75581	21663
47	54396	76223	21827
47	54416	75420	21004
47	54266	74961	20695
47	54456	75837	21381
47	54136	75965	21829
47	54113	75928	21815
47	54378	75811	21433
47	54420	76167	21747
47	53703	75490	21787
47	53980	75735	21755
47	54276	76178	21902
47	54154	76191	22037
47	54103	75965	21862
47	54529	75843	21314
47	54143	75999	21856
47	54602	76023	21421
47	54321	76230	21909
47	54301	76048	21747
47	54065	75229	21164
47	54069	76145	22076
47	53972	75924	21952
47	53867	75550	21683
47	54270	75797	21527
47	54130	75974	21844
47	54260	76247	21987
47	54155	75046	20891
47	54703	75929	21226
47	54542	76149	21607
47	53973	75967	21994
47	53887	75975	22088
47	54617	76233	21616
47	53976	76270	22294
47	54033	75369	21336
47	54006	76168	22162
47	53893	75990	22097
47	54223	75996	21773
47	54355	75619	21264
47	54267	75768	21501
47	54364	76216	21852
47	54221	76005	21784
47	54577	75762	21185
47	54592	76076	21484
47	53918	75371	21453
47	54324	76142	21818
47	54151	75015	20864
47	54315	75478	21163
47	54007	75838	21831
47	53893	75191	21298
47	54426	76048	21622
47	54343	75795	21452
47	54483	75774	21291
47	54465	76251	21786
47	54219	75976	21757
47	54489	76233	21744
47	54177	76244	22067
47	54023	75773	21750
47	54195	76199	22004
47	53802	75869	22067
47	54596	75725	21129
47	54334	75981	21647
47	54452	75604	21152
47	54012	75916	21904
47	54448	76167	21719
47	54368	75991	21623
47	54252	75862	21610
47	53955	74983	21028
47	54245	75970	21725
47	54188	76060	21872
47	54244	75695	21451
47	54542	76159	21617
47	54541	76155	21614
48	54115	76172	22057
48	54411	75528	21117
48	53873	75625	21752
48	54179	76195	22016
48	54223	74833	20610
48	53992	75319	21327
48	54819	76037	21218
48	54167	75115	20948
48	54131	76100	21969
48	54506	76144	21638
48	54175	75802	21627
48	54315	76248	21933
48	53777	76183	22406
48	54219	76162	21943
48	54595	75903	21308
48	54230	75776	21546
48	54492	76243	21751
48	54072	76200	22128
48	54077	76238	22161
48	54075	76148	22073
48	53797	75898	22101
48	53749	75630	21881
48	54154	76063	21909
48	54236	75993	21757
48	54547	76034	21487
48	54316	74983	20667
48	54159	76189	22030
48	54259	75723	21464
48	53994	76095	22101
48	54358	75143	20785
48	53926	75930	22004
48	54260	76087	21827
48	54022	75997	21975
48	54259	76115	21856
48	54069	76240	22171
48	54387	76255	21868
48	54413	75266	20853
48	54009	75883	21874
48	54384	76018	21634
48	54153	76068	21915
48	54436	75989	21553
48	53934	75407	21473
48	54143	76230	22087
48	54201	76021	21820
48	54491	76176	21685
48	54233	75816	21583
48	53985	76188	22203
48	54184	75997	21813
48	54147	75553	21406
48	54127	76264	22137
48	54443	75783	21340
48	54640	76031	21391
48	53792	75193	21401
48	54109	76132	22023
48	53925	76232	22307
48	54765	75526	20761
48	54436	76081	21645
48	53883	76043	22160
48	53837	75558	21721
48	53923	75831	21908
48	54176	76137	21961
48	54187	75987	21800
48	54392	75900	21508
48	54313	75974	21661
48	54125	74582	20457
48	53735	75894	22159
48	54041	75427	21386
48	54388	75664	21276
48	54028	76245	22217
48	54316	76141	21825
48	54336	76067	21731
48	53974	75892	21918
48	54098	76047	21949
48	54200	76245	22045
48	54046	76093	22047
48	54071	75869	21798
48	54372	76176	21804
48	54538	75913	21375
48	54216	76114	21898
48	53965	76006	22041
48	54487	75887	21400
48	54202	75381	21179
48	54228	75301	21073
48	54049	76254	22205
48	54021	76207	22186
48	54164	75869	21705
49	53916	76262	22346
49	54008	76166	22158
49	53860	75925	22065
49	54387	75933	21546
49	54300	76247	21947
49	54245	75730	21485
49	54627	76215	21588
49	54015	76049	22034
49	53896	75438	21542
49	53737	75964	22227
49	54007	75575	21568
49	54136	74708	20572
49	54279	75714	21435
49	54225	75669	21444
49	54449	76147	21698
49	54031	75740	21709
49	54009	75750	21741
49	54376	75981	21605
49	54044	75998	21954
49	54093	75978	21885
49	54159	75176	21017
49	54356	76217	21861
49	53691	76001	22310
49	53642	76209	22567
49	53843	75746	21903
49	53791	75915	22124
49	54551	75753	21202
49	54090	75948	21858
49	54009	76080	22071
49	54244	75956	21712
49	53852	76249	22397
49	53818	75782	21964
49	54230	75979	21749
49	53944	76062	22118
49	54195	76178	21983
49	53655	76024	22369
49	54318	75702	21384
49	53897	75721	21824
49	54115	75991	21876
49	54054	76186	22132
49	53971	76062	22091
49	54167	76223	22056
49	54361	75836	21475
49	53893	75699	21806
49	54062	75889	21827
49	53972	76029	22057
49	54231	75761	21530
49	54348	76221	21873
49	54522	76035	21513
49	54196	75657	21461
49	53872	76008	22136
49	53837	76138	22301
49	54365	75040	20675
49	54008	76009	22001
49	53883	76007	22124
49	54018	75744	21726
49	54171	75865	21694
49	54603	76212	21609
49	54217	76216	21999
49	53964	76071	22107
49	54098	75959	21861
49	54016	76090	22074
49	54174	75813	21639
49	54072	75802	21730
49	54057	74921	20864
49	54019	75988	21969
49	53695	76011	22316
49	54027	75767	21740
49	54178	75836	21658
49	54301	75979	21678
49	53950	75741	21791
49	53923	76086	22163
49	53831	76067	22236
49	54265	76055	21790
49	54154	75141	20987
49	54236	76060	21824
49	53808	75563	21755
49	53931	75924	21993
49	54155	76115	21960
49	54150	76010	21860
49	53760	75475	21715
49	54188	75200	21012
49	53871	75139	21268
49	53776	75970	22194
49	54002	76141	22139
49	53996	75746	21750
50	54674	76028	21354
50	53747	75703	21956
50	53884	76033	22149
50	54539	75521	20982
50	54216	75962	21746
50	54170	76005	21835
50	54429	76184	21755
50	53743	75789	22046
50	54023	75862	21839
50	54207	76057	21850
50	54112	76232	22120
50	53753	74627	20874
50	54323	75733	21410
50	54336	76243	21907
50	53685	75759	22074
50	53809	76234	22425
50	54066	76150	22084
50	53727	74877	21150
50	53740	76011	22271
50	53730	76039	22309
50	53841	75899	22058
50	53978	76060	22082
50	53885	76064	22179
50	54014	76047	22033
50	53890	76201	22311
50	54033	75919	21886
50	53929	76176	22247
50	54107	75143	21036
50	53861	76158	22297
50	53957	76197	22240
50	53937	75947	22010
50	54099	75706	21607
50	53917	75156	21239
50	53900	76122	22222
50	53983	76243	22260
50	54045	75996	21951
50	54171	75908	21737
50	54201	76199	21998
50	54421	75992	21571
50	53673	75989	22316
50	54098	76218	22120
50	53737	76087	22350
50	54239	76278	22039
50	53754	75993	22239
50	54363	75047	20684
50	54426	76002	21576
50	54077	75233	21156
50	53920	76072	22152
50	53924	75666	21742
50	53743	75406	21663
50	54226	75519	21293
50	54296	75975	21679
50	53992	75834	21842
50	54009	76188	22179
50	54191	76001	21810
50	54137	76225	22088
50	54041	75971	21930
50	54291	76084	21793
50	53945	75871	21926
50	54185	76050	21865
50	53771	75642	21871
50	54072	76181	22109
50	54347	76194	21847
50	53777	75919	22142
50	53829	75836	22007
50	54356	75726	21370
50	53985	75699	21714
50	53943	76172	22229
50	54257	76113	21856
50	54143	75911	21768
50	54305	75958	21653
50	54176	75835	21659
50	54058	75897	21839
50	53617	76039	22422
50	53911	75748	21837
50	54046	76262	22216
50	54050	76190	22140
50	53778	76198	22420
50	54247	76006	21759
50	54196	76232	22036
50	54011	76042	22031
50	53885	75787	21902
50	53882	76264	22382
50	54084	76223	22139
50	54064	75562	21498
50	54094	75361	21267
51	53933	76172	22239
51	53866	75065	21199
51	54384	75982	21598
51	53808	75699	21891
51	53877	75997	22120
51	54215	76057	21842
51	54170	75270	21100
51	53949	75719	21770
51	53970	76074	22104
51	53817	75820	22003
51	53984	76026	22042
51	54097	76247	22150
51	53936	76032	22096
51	54071	76090	22019
51	53964	76071	22107
51	54095	76123	22028
51	54288	76151	21863
51	53654	75404	21750
51	53828	76045	22217
51	54016	76015	21999
51	54260	76131	21871
51	53855	76237	22382
51	54421	76001	21580
51	53781	76253	22472
51	53959	75940	21981
51	53967	75987	22020
51	53993	76070	22077
51	54466	76226	21760
51	54032	75784	21752
51	53664	75984	22320
51	53604	75890	22286
51	53610	76081	22471
51	54162	75687	21525
51	53927	76222	22295
51	53965	76017	22052
51	53794	76185	22391
51	53811	76270	22459
51	54087	74871	20784
51	54272	75862	21590
51	54011	75801	21790
51	53496	75449	21953
51	53951	76265	22314
51	54019	75960	21941
51	53733	76236	22503
51	54055	75977	21922
51	53877	76255	22378
51	53963	76145	22182
51	53996	76245	22249
51	53679	76195	22516
51	53836	76248	22412
51	53606	75708	22102
51	54335	76069	21734
51	54143	76072	21929
51	53854	76245	22391
51	54241	75724	21483
51	54174	76041	21867
51	53873	76014	22141
51	54119	75924	21805
51	53951	76005	22054
51	54029	75399	21370
51	53887	75811	21924
51	54160	76058	21898
51	53882	76136	22254
51	53904	75246	21342
51	54094	76088	21994
51	53836	76089	22253
51	53758	75994	22236
51	54198	75990	21792
51	53937	75814	21877
51	53960	75546	21586
51	54017	75129	21112
51	53669	76175	22506
51	54092	76061	21969
51	53982	76186	22204
51	54029	75604	21575
51	54044	76100	22056
51	53829	76204	22375
51	54357	76074	21717
51	53895	75956	22061
51	53821	76185	22364
51	53644	76125	22481
51	53800	75944	22144
51	54449	76120	21671
51	54140	75583	21443
51	53852	76063	22211
51	54099	76159	22060
52	53923	76027	22104
52	53880	76186	22306
52	53847	76150	22303
52	54000	76043	22043
52	54141	76236	22095
52	53721	76076	22355
52	53742	76016	22274
52	53646	75698	22052
52	53900	75411	21511
52	53739	76266	22527
52	54063	76144	22081
52	54014	76173	22159
52	53600	76261	22661
52	54050	76077	22027
52	53779	75923	22144
52	53993	76163	22170
52	54011	76038	22027
52	54098	75973	21875
52	53707	76198	22491
52	53850	75990	22140
52	54198	76254	22056
52	54240	76199	21959
52	53757	76207	22450
52	53726	75590	21864
52	53835	76102	22267
52	53882	76135	22253
52	53681	75995	22314
52	54179	76236	22057
52	53829	75675	21846
52	53865	76032	22167
52	54029	75962	21933
52	53739	76085	22346
52	53767	75924	22157
52	53745	76066	22321
52	53766	76183	22417
52	54322	76095	21773
52	53714	76050	22336
52	53833	75987	22154
52	54304	74985	20681
52	53698	76062	22364
52	54189	75964	21775
52	53946	75095	21149
52	54043	76173	22130
52	53998	76088	22090
52	53876	75992	22116
52	54317	76176	21859
52	54013	76190	22177
52	53757	75971	22214
52	54055	76062	22007
52	53864	75746	21882
52	53933	76032	22099
52	53578	76068	22490
52	53957	76242	22285
52	53652	76250	22598
52	53859	76252	22393
52	54258	75956	21698
52	53729	76064	22335
52	53603	75799	22196
52	54258	76175	21917
52	54120	75935	21815
52	53878	76213	22335
52	53991	76139	22148
52	53803	75699	21896
52	53965	76259	22294
52	53699	76287	22588
52	53703	75236	21533
52	53866	75671	21805
52	53830	75953	22123
52	53817	76046	22229
52	53648	76286	22638
52	53874	75794	21920
52	53675	76258	22583
52	53784	76225	22441
52	53779	76120	22341
52	53847	76198	22351
52	53946	76259	22313
52	53713	76101	22388
52	53906	76239	22333
52	53820	75816	21996
52	54453	76051	21598
52	54160	75775	21615
52	54094	75389	21295
52	53706	76051	22345
52	53931	76101	22170
52	53989	76094	22105
52	53619	75930	22311
53	53589	76026	22437
53	53931	76099	22168
53	54264	76008	21744
53	53543	76083	22540
53	53689	75419	21730
53	53863	76261	22398
53	53915	76062	22147
53	54115	75810	21695
53	53967	76145	22178
53	53770	76268	22498
53	53725	76273	22548
53	53673	76262	22589
53	53825	75724	21899
53	54102	76066	21964
53	53867	76225	22358
53	53663	75874	22211
53	53894	76238	22344
53	53648	76109	22461
53	53985	76018	22033
53	53633	76203	22570
53	53803	75816	22013
53	54077	75997	21920
53	53605	75854	22249
53	53765	76102	22337
53	53940	75953	22013
53	53744	75741	21997
53	54287	76043	21756
53	53992	75222	21230
53	53800	76031	22231
53	53940	75863	21923
53	53925	76128	22203
53	54332	75867	21535
53	53814	76013	22199
53	54087	76179	22092
53	53917	76098	22181
53	53574	75163	21589
53	53998	76100	22102
53	53944	76172	22228
53	53988	76163	22175
53	53899	76002	22103
53	53943	76075	22132
53	53937	76014	22077
53	54034	75986	21952
53	53942	76273	22331
53	54091	76021	21930
53	53880	76037	22157
53	53870	76196	22326
53	53672	76004	22332
53	53787	75537	21750
53	54002	76085	22083
53	53837	76234	22397
53	53785	75911	22126
53	53984	76057	22073
53	53907	76207	22300
53	53841	76165	22324
53	53773	76173	22400
53	53950	76260	22310
53	54077	76034	21957
53	54049	76115	22066
53	53908	75945	22037
53	54182	75899	21717
53	53809	75766	21957
53	54300	75892	21592
53	53678	76240	22562
53	53479	74923	21444
53	53820	75666	21846
53	53785	75966	22181
53	53872	75298	21426
53	53657	76009	22352
53	54345	76034	21689
53	53770	75538	21768
53	53672	76013	22341
53	53775	76178	22403
53	54042	76259	22217
53	54050	76233	22183
53	53666	76013	22347
53	53941	75762	21821
53	54097	76130	22033
53	53965	76092	22127
53	53966	76073	22107
53	53432	75753	22321
53	53911	75670	21759
53	53540	75943	22403
53	53893	76204	22311
53	54149	76048	21899
53	53702	76086	22384
54	53652	76133	22481
54	53682	75889	22207
54	53706	76181	22475
54	53802	76173	22371
54	53801	75764	21963
54	54260	76175	21915
54	53587	76273	22686
54	53987	76048	22061
54	53692	76033	22341
54	53851	76176	22325
54	54137	76272	22135
54	53867	76195	22328
54	53782	76262	22480
54	53738	75921	22183
54	53495	76070	22575
54	53646	76074	22428
54	53788	76246	22458
54	53744	76071	22327
54	53915	76174	22259
54	53629	76205	22576
54	53708	76232	22524
54	53869	76247	22378
54	53861	76071	22210
54	53775	76021	22246
54	53690	76079	22389
54	54384	76146	21762
54	53542	75581	22039
54	53917	76048	22131
54	53620	76196	22576
54	53777	75891	22114
54	53491	76056	22565
54	53674	76196	22522
54	53836	76058	22222
54	54502	75722	21220
54	53857	76284	22427
54	54254	76236	21982
54	53846	75956	22110
54	53748	76081	22333
54	53868	76061	22193
54	54346	76058	21712
54	53590	75216	21626
54	53529	76270	22741
54	53604	76061	22457
54	53898	76243	22345
54	53807	75825	22018
54	54169	76051	21882
54	53813	76124	22311
54	54152	76032	21880
54	53586	76226	22640
54	53627	76134	22507
54	53602	75777	22175
54	54195	76161	21966
54	53611	75252	21641
54	53896	75742	21846
54	53740	76193	22453
54	54031	76279	22248
54	54016	75661	21645
54	53979	76259	22280
54	53929	76011	22082
54	53472	75965	22493
54	53631	76088	22457
54	53501	75624	22123
54	53676	76200	22524
54	53945	75253	21308
54	53878	75856	21978
54	53765	76181	22416
54	53554	75820	22266
54	53735	76211	22476
54	53693	76196	22503
54	54176	76078	21902
54	53807	76238	22431
54	54235	75986	21751
54	53770	76251	22481
54	53675	76052	22377
54	54095	75006	20911
54	53965	76205	22240
54	53791	76189	22398
54	53756	76073	22317
54	53941	76194	22253
54	53842	75904	22062
54	53818	76058	22240
54	53934	75603	21669
54	53721	75874	22153
54	53597	76157	22560
54	53769	76082	22313
54	53467	76261	22794
55	53405	76073	22668
55	54025	75229	21204
55	53583	76140	22557
55	53884	76089	22205
55	53954	76078	22124
55	54000	76053	22053
55	53927	76008	22081
55	53669	75985	22316
55	54125	76036	21911
55	54003	76059	22056
55	53777	76268	22491
55	53832	76006	22174
55	53938	76009	22071
55	54061	76018	21957
55	53917	76167	22250
55	53684	76171	22487
55	53633	76182	22549
55	53535	76088	22553
55	53974	75702	21728
55	53608	76257	22649
55	53649	76272	22623
55	53739	76107	22368
55	53728	76271	22543
55	53644	76182	22538
55	54402	76240	21838
55	53686	76157	22471
55	53723	76235	22512
55	53664	76085	22421
55	54016	76072	22056
55	54088	75695	21607
55	53614	75952	22338
55	53642	75675	22033
55	53697	75909	22212
55	54032	76089	22057
55	53975	76205	22230
55	54167	76183	22016
55	53961	76176	22215
55	54129	76170	22041
55	53855	76225	22370
55	53663	76052	22389
55	53447	76198	22751
55	53986	75583	21597
55	53865	76214	22349
55	53689	76082	22393
55	53665	76116	22451
55	54019	76231	22212
55	53943	76081	22138
55	53868	76040	22172
55	54042	76169	22127
55	53763	76212	22449
55	53589	76031	22442
55	53573	76199	22626
55	53753	75629	21876
55	53695	75957	22262
55	53806	75562	21756
55	53788	76038	22250
55	53613	76032	22419
55	53745	75891	22146
55	53664	76253	22589
55	53952	76223	22271
55	53982	75717	21735
55	53750	75733	21983
55	53854	75954	22100
55	53464	75316	21852
55	53683	74715	21032
55	53583	75993	22410
55	53541	76249	22708
55	53644	76090	22446
55	53655	76064	22409
55	53447	76247	22800
55	53474	76043	22569
55	53766	76255	22489
55	53751	76221	22470
55	53564	76112	22548
55	53807	76084	22277
55	53725	76123	22398
55	53718	76276	22558
55	53715	75785	22070
55	53952	76135	22183
55	54010	76031	22021
55	53956	75934	21978
55	54000	76159	22159
55	53947	76090	22143
55	53501	75756	22255
55	53736	75976	22240
55	53606	76255	22649
56	53689	75980	22291
56	53889	76053	22164
56	53831	75321	21490
56	53686	75974	22288
56	54163	75980	21817
56	53471	76078	22607
56	54417	76074	21657
56	53747	76166	22419
56	53551	76217	22666
56	54122	76080	21958
56	53884	76199	22315
56	53661	76219	22558
56	53649	76072	22423
56	53800	76181	22381
56	53726	76014	22288
56	53352	75827	22475
56	53696	75850	22154
56	53589	76169	22580
56	54032	75970	21938
56	53741	76080	22339
56	53593	76029	22436
56	53569	76132	22563
56	54010	75929	21919
56	53784	76022	22238
56	54061	76208	22147
56	53744	75113	21369
56	53631	75724	22093
56	53697	76141	22444
56	53528	76130	22602
56	53437	76113	22676
56	53939	76181	22242
56	53640	76085	22445
56	53657	76099	22442
56	53893	76055	22162
56	53821	76144	22323
56	53731	76045	22314
56	53837	76204	22367
56	53829	76174	22345
56	53440	76222	22782
56	53798	76210	22412
56	53586	76031	22445
56	53495	76097	22602
56	53677	76232	22555
56	53669	76195	22526
56	53702	76193	22491
56	53559	76216	22657
56	53586	75988	22402
56	53859	76076	22217
56	53484	76016	22532
56	53922	76270	22348
56	53902	76078	22176
56	53874	75979	22105
56	54157	76091	21934
56	53721	76012	22291
56	53416	75196	21780
56	53789	75751	21962
56	53445	76176	22731
56	53746	75820	22074
56	54086	76239	22153
56	53605	76046	22441
56	54330	76229	21899
56	53633	76099	22466
56	53375	76157	22782
56	54145	76261	22116
56	53676	76235	22559
56	53554	75808	22254
56	53697	76119	22422
56	53981	76205	22224
56	53787	76243	22456
56	53755	76050	22295
56	53717	75187	21470
56	53695	75955	22260
56	53959	75295	21336
56	53629	75780	22151
56	53716	75826	22110
56	53968	76201	22233
56	53854	75716	21862
56	53750	76243	22493
56	53645	75970	22325
56	53542	76274	22732
56	53433	76199	22766
56	53373	75977	22604
56	54152	76023	21871
56	53800	76192	22392
56	53983	76165	22182
56	53987	75219	21232
57	53704	75912	22208
57	53828	76218	22390
57	53474	76245	22771
57	53704	75939	22235
57	53455	76256	22801
57	53772	75985	22213
57	53473	76279	22806
57	53617	76084	22467
57	53889	76083	22194
57	53675	76075	22400
57	53379	76059	22680
57	53477	76100	22623
57	53702	76000	22298
57	53660	76054	22394
57	53803	75306	21503
57	53544	76212	22668
57	53634	75838	22204
57	53543	76036	22493
57	53538	76089	22551
57	53802	75677	21875
57	53662	76213	22551
57	53875	75962	22087
57	53942	76253	22311
57	53789	76024	22235
57	53547	75775	22228
57	53719	76249	22530
57	53594	76070	22476
57	54154	76245	22091
57	53464	75549	22085
57	53818	75803	21985
57	54012	76162	22150
57	53533	76082	22549
57	53488	76257	22769
57	54047	76223	22176
57	53830	75113	21283
57	53591	76063	22472
57	53500	76253	22753
57	53969	76263	22294
57	53686	76104	22418
57	53807	75804	21997
57	53273	76176	22903
57	53969	75969	22000
57	54083	75688	21605
57	53452	76190	22738
57	53778	75671	21893
57	53500	76197	22697
57	53685	76263	22578
57	53955	76080	22125
57	53918	76082	22164
57	53827	75862	22035
57	53704	76114	22410
57	53802	75932	22130
57	53812	75766	21954
57	53563	76223	22660
57	54093	76060	21967
57	53796	76076	22280
57	53692	76082	22390
57	53517	76089	22572
57	53625	75877	22252
57	53876	76197	22321
57	53799	76092	22293
57	54055	76075	22020
57	53249	75420	22171
57	53788	76133	22345
57	53744	76058	22314
57	53695	76213	22518
57	53889	76248	22359
57	53982	76007	22025
57	53572	76028	22456
57	53997	75956	21959
57	53748	75965	22217
57	53767	76004	22237
57	53844	76065	22221
57	53651	76194	22543
57	53632	75997	22365
57	53708	76013	22305
57	53685	76197	22512
57	54037	76227	22190
57	53462	76198	22736
57	54187	75919	21732
57	53790	76104	22314
57	53527	75911	22384
57	53651	76217	22566
57	53359	76017	22658
57	54026	76262	22236
57	53550	75759	22209
58	53582	76065	22483
58	53670	76222	22552
58	53403	76068	22665
58	53618	76173	22555
58	53828	76193	22365
58	53692	76249	22557
58	53605	76032	22427
58	53310	76225	22915
58	53544	76162	22618
58	53473	76110	22637
58	53714	76281	22567
58	54001	75887	21886
58	53799	75701	21902
58	53911	76019	22108
58	54382	76026	21644
58	53778	76262	22484
58	53369	75991	22622
58	53829	76051	22222
58	53391	76226	22835
58	53794	76042	22248
58	53545	76296	22751
58	53695	76090	22395
58	53826	76223	22397
58	53567	76120	22553
58	53536	76044	22508
58	53577	76031	22454
58	53504	76231	22727
58	53723	76108	22385
58	53511	76146	22635
58	53774	76039	22265
58	53473	75998	22525
58	53363	76098	22735
58	53344	75264	21920
58	53694	76261	22567
58	53870	75634	21764
58	53579	76232	22653
58	53643	76229	22586
58	53797	76076	22279
58	53723	76284	22561
58	53642	76184	22542
58	53697	76250	22553
58	53764	76010	22246
58	53490	76044	22554
58	53407	76232	22825
58	53637	76071	22434
58	53650	76066	22416
58	53604	76161	22557
58	53600	76212	22612
58	53442	76072	22630
58	53846	76231	22385
58	54029	76043	22014
58	53446	76073	22627
58	53536	75981	22445
58	53290	76212	22922
58	53477	76096	22619
58	53603	76107	22504
58	53903	76237	22334
58	53623	76258	22635
58	53564	75938	22374
58	53289	76136	22847
58	53774	76086	22312
58	53461	75910	22449
58	53785	76104	22319
58	53347	75918	22571
58	53921	76045	22124
58	53396	76136	22740
58	53954	76060	22106
58	53468	76192	22724
58	53438	76008	22570
58	53524	76113	22589
58	53882	76247	22365
58	53620	76280	22660
58	53620	76101	22481
58	53434	76063	22629
58	53855	76266	22411
58	53873	76253	22380
58	53859	75888	22029
58	53519	75078	21559
58	53669	76264	22595
58	53630	76221	22591
58	53384	75961	22577
58	53574	75988	22414
58	53696	76061	22365
58	53416	76035	22619
58	53539	76109	22570
58	53413	76046	22633
59	53636	76035	22399
59	53479	76233	22754
59	53557	76187	22630
59	53646	76091	22445
59	53401	76270	22869
59	53316	76241	22925
59	53597	76270	22673
59	53779	75191	21412
59	53778	75984	22206
59	53592	75804	22212
59	53480	75852	22372
59	53332	76217	22885
59	53505	76221	22716
59	53536	76262	22726
59	53624	76270	22646
59	53748	75726	21978
59	53303	76024	22721
59	53523	76090	22567
59	53813	75957	22144
59	53447	76205	22758
59	53528	76127	22599
59	53426	76209	22783
59	53520	76229	22709
59	53482	76090	22608
59	53398	76061	22663
59	53685	76078	22393
59	53759	75981	22222
59	53596	76225	22629
59	53457	76266	22809
59	53471	75798	22327
59	53749	76006	22257
59	53660	75297	21637
59	53772	76086	22314
59	53461	76130	22669
59	53803	75864	22061
59	53927	75981	22054
59	53600	76016	22416
59	53717	76246	22529
59	53579	76257	22678
59	53944	75978	22034
59	53711	76261	22550
59	53440	76120	22680
59	53557	76002	22445
59	53598	76168	22570
59	53431	76273	22842
59	53319	76211	22892
59	53680	76199	22519
59	53575	76268	22693
59	53776	75956	22180
59	53471	75732	22261
59	53537	76145	22608
59	53506	75784	22278
59	53671	75924	22253
59	53467	75808	22341
59	53485	76224	22739
59	53277	76156	22879
59	53870	76260	22390
59	53393	76238	22845
59	53443	76266	22823
59	53790	76074	22284
59	53476	76102	22626
59	53564	75844	22280
59	53316	76235	22919
59	53555	75927	22372
59	53529	76162	22633
59	53450	75897	22447
59	53471	75948	22477
59	53440	76240	22800
59	53420	75842	22422
59	53470	76222	22752
59	53717	76193	22476
59	53869	75968	22099
59	53852	76043	22191
59	53426	76280	22854
59	53950	76237	22287
59	53762	76126	22364
59	53321	76262	22941
59	53288	76063	22775
59	53781	76249	22468
59	53376	76262	22886
59	53511	76237	22726
59	53781	75628	21847
59	53441	75821	22380
59	53253	75952	22699
59	53492	76249	22757
59	53660	76260	22600
60	53373	76260	22887
60	53365	76050	22685
60	53327	76275	22948
60	53650	76067	22417
60	53666	76102	22436
60	53258	75926	22668
60	53885	76089	22204
60	53538	76282	22744
60	53492	76295	22803
60	53526	76025	22499
60	53825	76257	22432
60	53450	76291	22841
60	53505	76061	22556
60	53570	76102	22532
60	53352	76214	22862
60	53507	76112	22605
60	53244	76093	22849
60	53440	76269	22829
60	53650	76061	22411
60	53262	76165	22903
60	53410	75373	21963
60	53257	76285	23028
60	53386	75943	22557
60	53694	76250	22556
60	53526	76097	22571
60	53343	75800	22457
60	53301	76039	22738
60	53549	76102	22553
60	53544	76227	22683
60	53545	76020	22475
60	53333	76067	22734
60	53252	76000	22748
60	53370	76204	22834
60	53974	76179	22205
60	53909	76032	22123
60	53418	76265	22847
60	53327	76264	22937
60	53845	76092	22247
60	53227	76060	22833
60	53675	76077	22402
60	53537	76262	22725
60	53289	75763	22474
60	53289	76185	22896
60	53645	76215	22570
60	53981	75976	21995
60	53488	76269	22781
60	53568	76112	22544
60	53526	76277	22751
60	53345	76275	22930
60	53489	76195	22706
60	53597	75912	22315
60	53610	76069	22459
60	53494	75984	22490
60	53604	75825	22221
60	53678	76226	22548
60	53674	76039	22365
60	53494	76078	22584
60	53940	75784	21844
60	53415	75299	21884
60	53546	75821	22275
60	53436	75840	22404
60	53707	76080	22373
60	53261	76237	22976
60	53437	76026	22589
60	53629	76256	22627
60	53573	76261	22688
60	53561	76256	22695
60	53731	76250	22519
60	53794	76067	22273
60	53895	76045	22150
60	53634	76081	22447
60	53167	75831	22664
60	53179	76069	22890
60	53389	76105	22716
60	53436	76067	22631
60	53341	76233	22892
60	53671	75991	22320
60	53604	76279	22675
60	53651	76279	22628
60	54025	76211	22186
60	53494	75779	22285
60	53384	75667	22283
60	53458	76284	22826
60	53468	76216	22748
60	53331	76213	22882
60	53676	75012	21336
61	53672	76224	22552
61	53534	76102	22568
61	53299	76239	22940
61	53217	76276	23059
61	53727	76244	22517
61	53462	76117	22655
61	53162	75909	22747
61	53850	76061	22211
61	53416	76121	22705
61	53448	76274	22826
61	53463	75824	22361
61	53630	76233	22603
61	53344	76056	22712
61	53350	76019	22669
61	53717	76086	22369
61	53446	76274	22828
61	53620	76206	22586
61	53240	76019	22779
61	53718	76209	22491
61	53643	76269	22626
61	53387	76028	22641
61	53241	76041	22800
61	53456	76022	22566
61	53253	76098	22845
61	53567	76215	22648
61	53474	76249	22775
61	53459	76201	22742
61	53338	76258	22920
61	53349	76045	22696
61	53199	75833	22634
61	53276	76265	22989
61	53222	76007	22785
61	53818	76078	22260
61	53584	76245	22661
61	53570	75984	22414
61	53807	75939	22132
61	53276	76257	22981
61	53608	76280	22672
61	53491	75787	22296
61	53487	75829	22342
61	53329	76227	22898
61	53240	76290	23050
61	53433	75926	22493
61	53327	76137	22810
61	53407	76265	22858
61	53647	76014	22367
61	53488	76284	22796
61	53661	75996	22335
61	53477	76204	22727
61	53620	76266	22646
61	53734	76146	22412
61	53257	76288	23031
61	53409	75940	22531
61	53207	76109	22902
61	53448	76101	22653
61	53674	76260	22586
61	53372	76280	22908
61	53558	76133	22575
61	53289	75968	22679
61	53647	76283	22636
61	53567	76256	22689
61	53107	76099	22992
61	53325	76199	22874
61	53693	76271	22578
61	53354	76115	22761
61	53540	76279	22739
61	53640	76250	22610
61	53549	75768	22219
61	53678	76264	22586
61	53724	76279	22555
61	53738	76201	22463
61	53510	76198	22688
61	53416	76088	22672
61	53333	76287	22954
61	53261	75784	22523
61	53427	76099	22672
61	53686	75989	22303
61	53440	76268	22828
61	53514	76193	22679
61	53582	76252	22670
61	53380	75966	22586
61	53524	76087	22563
61	53733	76048	22315
61	53460	76128	22668
61	53367	75875	22508
61	53329	76137	22808
62	53432	76201	22769
62	53411	76298	22887
62	53253	76014	22761
62	53496	76232	22736
62	53522	76161	22639
62	53186	75241	22055
62	53373	76275	22902
62	53448	76232	22784
62	53754	76028	22274
62	53417	76097	22680
62	53344	76179	22835
62	53251	76230	22979
62	53603	76201	22598
62	53526	76012	22486
62	53474	76006	22532
62	53191	76058	22867
62	53721	76004	22283
62	53503	76198	22695
62	53459	76017	22558
62	53208	75826	22618
62	53141	76291	23150
62	53521	76102	22581
62	53414	76280	22866
62	53476	76272	22796
62	53339	76282	22943
62	53198	76281	23083
62	53171	76251	23080
62	53415	76231	22816
62	53506	75773	22267
62	53648	76022	22374
62	53213	76208	22995
62	53282	76211	22929
62	53380	76271	22891
62	53321	76090	22769
62	53401	76166	22765
62	53448	76159	22711
62	53288	76141	22853
62	53461	76204	22743
62	53406	75747	22341
62	53655	76068	22413
62	53126	76105	22979
62	53215	76222	23007
62	53428	75931	22503
62	53501	76131	22630
62	53584	76215	22631
62	53671	75892	22221
62	53825	76201	22376
62	53415	76267	22852
62	53506	76154	22648
62	53738	75772	22034
62	53378	76279	22901
62	53298	76076	22778
62	53591	76065	22474
62	53341	76064	22723
62	53302	76246	22944
62	53269	76223	22954
62	53341	76280	22939
62	53263	76212	22949
62	53570	76268	22698
62	53358	76134	22776
62	53459	75906	22447
62	53501	76064	22563
62	53761	76278	22517
62	53521	76240	22719
62	53423	75861	22438
62	53340	76243	22903
62	53636	75933	22297
62	53271	76044	22773
62	53503	75997	22494
62	53489	76257	22768
62	53542	76284	22742
62	53667	76220	22553
62	53335	75889	22554
62	53623	76077	22454
62	53368	76123	22755
62	53773	76224	22451
62	53876	76099	22223
62	53271	75322	22051
62	53448	76231	22783
62	53535	75271	21736
62	53429	76279	22850
62	53806	76074	22268
62	53341	76227	22886
62	53347	76012	22665
62	53651	76228	22577
62	53532	76210	22678
63	53409	75912	22503
63	53619	76000	22381
63	53401	76282	22881
63	53400	75773	22373
63	53353	76055	22702
63	53325	76236	22911
63	53512	76075	22563
63	53234	76070	22836
63	53499	76255	22756
63	53263	76052	22789
63	53529	75405	21876
63	53514	76090	22576
63	53471	76215	22744
63	53144	76270	23126
63	53121	76231	23110
63	53567	76074	22507
63	53601	76265	22664
63	53404	76108	22704
63	53358	76088	22730
63	53399	76108	22709
63	53048	76240	23192
63	53760	76192	22432
63	53604	76280	22676
63	53381	75909	22528
63	53238	76234	22996
63	53363	76299	22936
63	53473	76074	22601
63	53463	76068	22605
63	53304	76275	22971
63	53648	75908	22260
63	53798	76193	22395
63	53473	76271	22798
63	53608	76093	22485
63	53363	76123	22760
63	53486	76259	22773
63	53417	76228	22811
63	53359	76225	22866
63	53365	76288	22923
63	53653	76259	22606
63	53122	76078	22956
63	53223	76074	22851
63	53355	75923	22568
63	53402	76095	22693
63	53438	76262	22824
63	53298	76078	22780
63	53673	76098	22425
63	53407	76289	22882
63	53419	76250	22831
63	53557	76106	22549
63	53430	76041	22611
63	53343	76233	22890
63	53360	76184	22824
63	53205	75447	22242
63	53831	76274	22443
63	53169	76233	23064
63	53397	76292	22895
63	53169	76237	23068
63	53683	76280	22597
63	53346	75948	22602
63	53333	76003	22670
63	53407	76043	22636
63	53178	76094	22916
63	53349	76206	22857
63	53426	76137	22711
63	53647	75996	22349
63	53258	76290	23032
63	53636	76236	22600
63	53440	76051	22611
63	53348	75940	22592
63	53388	76212	22824
63	53497	76220	22723
63	53301	76229	22928
63	53585	76205	22620
63	53334	76301	22967
63	53142	76286	23144
63	53402	76260	22858
63	53348	76239	22891
63	53811	76246	22435
63	53396	75939	22543
63	53333	76070	22737
63	53395	76260	22865
63	53134	76298	23164
63	53635	76258	22623
63	53280	75867	22587
63	53282	76300	23018
63	53422	75904	22482
64	53444	75868	22424
64	53367	76105	22738
64	53120	76030	22910
64	53313	76247	22934
64	53372	76288	22916
64	53169	76256	23087
64	53494	76273	22779
64	53628	76220	22592
64	53208	76240	23032
64	53265	76268	23003
64	53324	76280	22956
64	53336	76108	22772
64	53210	76127	22917
64	53581	76202	22621
64	53203	76085	22882
64	53277	75803	22526
64	53341	75720	22379
64	53260	75416	22156
64	53233	76104	22871
64	53489	76222	22733
64	53317	76043	22726
64	53363	76265	22902
64	53253	76296	23043
64	53386	76198	22812
64	53209	76116	22907
64	53717	76199	22482
64	53303	76201	22898
64	53529	76280	22751
64	53593	75985	22392
64	53581	76259	22678
64	53365	76097	22732
64	53250	76278	23028
64	53740	76086	22346
64	53706	76110	22404
64	53494	76258	22764
64	53172	76118	22946
64	53328	76250	22922
64	53470	76260	22790
64	53272	76084	22812
64	53282	76200	22918
64	53694	76277	22583
64	53429	76065	22636
64	53220	76280	23060
64	53116	76311	23195
64	53305	76276	22971
64	53177	76110	22933
64	53383	75997	22614
64	53199	76234	23035
64	53383	76287	22904
64	53418	76123	22705
64	53315	76107	22792
64	53202	76164	22962
64	53428	76107	22679
64	53571	76091	22520
64	53385	76278	22893
64	53157	76256	23099
64	53241	76267	23026
64	53335	76243	22908
64	53668	76250	22582
64	53198	76210	23012
64	53129	76286	23157
64	53273	76271	22998
64	53549	76255	22706
64	53238	76096	22858
64	53364	76183	22819
64	53395	76289	22894
64	53315	76276	22961
64	53541	76267	22726
64	53319	76281	22962
64	53261	76112	22851
64	53422	76069	22647
64	53322	75905	22583
64	53360	76222	22862
64	53324	75092	21768
64	53293	76181	22888
64	53324	76104	22780
64	53150	76268	23118
64	53569	76223	22654
64	53316	76292	22976
64	53512	76221	22709
64	53496	76222	22726
64	53420	76278	22858
64	53679	76250	22571
64	53188	76087	22899
64	53342	76036	22694
64	53404	76139	22735
65	53100	76300	23200
65	53177	76137	22960
65	53242	75868	22626
65	53136	76243	23107
65	53383	76149	22766
65	53402	76190	22788
65	53150	76130	22980
65	53179	75760	22581
65	53192	75837	22645
65	53290	76122	22832
65	53168	76124	22956
65	53440	76182	22742
65	53633	76268	22635
65	53221	76092	22871
65	53615	76097	22482
65	53331	76084	22753
65	53163	76301	23138
65	53403	76269	22866
65	53273	76297	23024
65	53257	76220	22963
65	53171	76099	22928
65	53341	75988	22647
65	53416	76275	22859
65	53121	76205	23084
65	53504	76273	22769
65	53358	76129	22771
65	53339	75923	22584
65	53295	76215	22920
65	53265	76284	23019
65	53474	75747	22273
65	53246	76240	22994
65	53374	76092	22718
65	53335	76093	22758
65	53409	76293	22884
65	53323	75613	22290
65	53411	76123	22712
65	53117	76091	22974
65	53439	75950	22511
65	53375	76211	22836
65	53361	76271	22910
65	53571	76055	22484
65	53450	76274	22824
65	53300	76064	22764
65	53219	76107	22888
65	53205	76303	23098
65	53273	75802	22529
65	53300	76217	22917
65	53264	75653	22389
65	53230	76147	22917
65	53360	76060	22700
65	53116	76235	23119
65	53136	76220	23084
65	53546	76293	22747
65	53164	76293	23129
65	53255	76297	23042
65	53129	76157	23028
65	53224	76095	22871
65	53493	76273	22780
65	53229	75758	22529
65	53303	76107	22804
65	53379	76161	22782
65	53530	76112	22582
65	53080	75958	22878
65	53185	76301	23116
65	53217	76283	23066
65	53291	75937	22646
65	53063	76107	23044
65	53278	76200	22922
65	53291	76255	22964
65	53129	76234	23105
65	53269	75785	22516
65	53402	76241	22839
65	53144	75897	22753
65	53515	75897	22382
65	53128	75223	22095
65	53361	76127	22766
65	53203	76311	23108
65	53242	76286	23044
65	53337	76279	22942
65	53107	75848	22741
65	53221	76290	23069
65	53340	76043	22703
65	53254	76212	22958
65	53368	76091	22723
65	53130	76131	23001
65	53413	76079	22666
66	53553	76234	22681
66	53184	75482	22298
66	53727	76057	22330
66	53228	76254	23026
66	53418	76071	22653
66	53101	76132	23031
66	53274	76238	22964
66	53370	75811	22441
66	52993	75947	22954
66	53284	76235	22951
66	53482	76273	22791
66	53179	76286	23107
66	53243	76209	22966
66	53626	76226	22600
66	53533	76095	22562
66	53307	75941	22634
66	53344	76277	22933
66	53069	76291	23222
66	53383	76096	22713
66	53318	75769	22451
66	53275	76301	23026
66	53394	76011	22617
66	53052	76118	23066
66	53270	76277	23007
66	53569	76006	22437
66	53110	76020	22910
66	53361	76229	22868
66	53261	75995	22734
66	53254	76220	22966
66	53245	76259	23014
66	53080	76309	23229
66	53485	76044	22559
66	53380	76119	22739
66	53392	76113	22721
66	53050	76092	23042
66	53325	76251	22926
66	53031	76119	23088
66	53078	76293	23215
66	53414	76265	22851
66	53204	76126	22922
66	53248	76233	22985
66	53287	76074	22787
66	53283	76124	22841
66	53190	76142	22952
66	53243	76240	22997
66	53160	76067	22907
66	53206	76300	23094
66	53409	76073	22664
66	53486	76213	22727
66	53503	76080	22577
66	53288	76291	23003
66	53197	76254	23057
66	53105	76187	23082
66	53424	76219	22795
66	53210	76251	23041
66	53234	76298	23064
66	53414	76280	22866
66	53099	76288	23189
66	53270	76056	22786
66	53165	76198	23033
66	53268	75654	22386
66	53142	76093	22951
66	53366	76161	22795
66	53101	76063	22962
66	53126	76029	22903
66	53146	76292	23146
66	53375	76054	22679
66	53204	76228	23024
66	53326	76230	22904
66	53132	76137	23005
66	53290	76107	22817
66	53317	76211	22894
66	53414	76196	22782
66	53298	76106	22808
66	53161	75828	22667
66	53234	76040	22806
66	53132	76299	23167
66	53329	76269	22940
66	53516	76229	22713
66	53201	75940	22739
66	53287	76234	22947
66	53161	76229	23068
66	53400	75947	22547
66	53410	75980	22570
66	53242	76138	22896
66	53273	76265	22992
67	53076	76294	23218
67	53180	76288	23108
67	53259	76306	23047
67	53479	76276	22797
67	53160	76117	22957
67	53176	76274	23098
67	53194	76300	23106
67	53412	76217	22805
67	52983	76248	23265
67	53132	76289	23157
67	53196	76084	22888
67	53239	76064	22825
67	53245	76086	22841
67	53147	76122	22975
67	53079	76121	23042
67	53117	76069	22952
67	53668	76275	22607
67	53325	76279	22954
67	53213	75857	22644
67	53170	76205	23035
67	53561	76186	22625
67	53182	76231	23049
67	53022	76124	23102
67	53394	76099	22705
67	53131	76270	23139
67	53195	76301	23106
67	53368	76286	22918
67	53117	76284	23167
67	53326	76064	22738
67	53259	76228	22969
67	53156	76286	23130
67	53157	76129	22972
67	53223	76049	22826
67	53163	75972	22809
67	53383	76268	22885
67	53263	76281	23018
67	53295	75853	22558
67	53360	76083	22723
67	53166	76292	23126
67	53118	76246	23128
67	53029	76294	23265
67	53055	76293	23238
67	53334	76125	22791
67	53216	76003	22787
67	53038	76031	22993
67	53275	76129	22854
67	53327	76074	22747
67	53422	76025	22603
67	53272	76055	22783
67	53330	76284	22954
67	53369	76290	22921
67	53594	76260	22666
67	53032	76091	23059
67	53117	76265	23148
67	53118	76249	23131
67	53427	76251	22824
67	53221	76112	22891
67	52996	76251	23255
67	53187	76289	23102
67	53237	76291	23054
67	53068	76147	23079
67	53563	76100	22537
67	53132	76105	22973
67	53139	76041	22902
67	53315	76295	22980
67	53272	76163	22891
67	53133	76138	23005
67	53148	76235	23087
67	53469	76246	22777
67	53488	76277	22789
67	53577	76206	22629
67	53338	76293	22955
67	53323	76285	22962
67	53261	76021	22760
67	53190	76251	23061
67	53339	76037	22698
67	53116	76140	23024
67	53187	76242	23055
67	53169	76292	23123
67	53345	76244	22899
67	53450	76274	22824
67	53226	76191	22965
67	53077	76046	22969
67	53129	76122	22993
67	53129	76248	23119
67	53035	75981	22946
68	53386	76255	22869
68	53208	76244	23036
68	53380	75437	22057
68	53207	76121	22914
68	53295	76228	22933
68	53124	76266	23142
68	53257	76130	22873
68	53094	76212	23118
68	52933	75962	23029
68	53293	76280	22987
68	53056	76289	23233
68	53368	76073	22705
68	53026	76306	23280
68	52972	76186	23214
68	53188	76269	23081
68	53066	76295	23229
68	53181	76016	22835
68	53162	76178	23016
68	53234	76079	22845
68	53116	76279	23163
68	53115	76128	23013
68	53100	76302	23202
68	53158	76310	23152
68	53070	76314	23244
68	52955	76297	23342
68	53011	76129	23118
68	53090	76243	23153
68	53060	76265	23205
68	53278	76266	22988
68	53059	75958	22899
68	53291	76162	22871
68	53353	76242	22889
68	53436	76214	22778
68	52991	76230	23239
68	53368	76277	22909
68	53142	76299	23157
68	53062	76291	23229
68	53194	76110	22916
68	53263	76004	22741
68	53330	76086	22756
68	52957	75949	22992
68	53258	75935	22677
68	53133	76274	23141
68	52921	76292	23371
68	53181	76237	23056
68	53038	76068	23030
68	53104	76239	23135
68	53296	76289	22993
68	53290	76297	23007
68	53296	76214	22918
68	53113	76127	23014
68	53040	75465	22425
68	53305	76221	22916
68	53176	76279	23103
68	53452	76062	22610
68	53192	76017	22825
68	53476	76276	22800
68	53241	76090	22849
68	53141	76136	22995
68	53250	76281	23031
68	53052	76120	23068
68	53025	76092	23067
68	53066	76310	23244
68	53267	76304	23037
68	53152	76309	23157
68	53271	76283	23012
68	53033	76238	23205
68	53067	76295	23228
68	53263	76252	22989
68	53477	76251	22774
68	53060	76221	23161
68	53050	76137	23087
68	53312	76198	22886
68	53060	76301	23241
68	53112	76307	23195
68	53224	76293	23069
68	53046	76283	23237
68	53532	76255	22723
68	53323	76283	22960
68	53163	76292	23129
68	53120	76138	23018
68	53108	76308	23200
68	53202	76182	22980
68	53150	76267	23117
68	53079	76205	23126
68	53057	76202	23145
69	52975	76287	23312
69	53129	76235	23106
69	53216	76108	22892
69	53253	75849	22596
69	53005	76112	23107
69	53060	76120	23060
69	53002	76295	23293
69	53237	76251	23014
69	53397	76174	22777
69	53110	76259	23149
69	53278	76053	22775
69	53152	76290	23138
69	53046	76259	23213
69	53078	76191	23113
69	52920	76307	23387
69	53186	76270	23084
69	53117	76305	23188
69	52960	76297	23337
69	53155	76148	22993
69	52997	76293	23296
69	53206	76080	22874
69	53139	76114	22975
69	53055	76285	23230
69	53192	76273	23081
69	53159	76192	23033
69	53209	75810	22601
69	53095	76285	23190
69	53343	76242	22899
69	53056	76136	23080
69	53240	76264	23024
69	53279	75906	22627
69	53132	76254	23122
69	53188	76143	22955
69	53133	76094	22961
69	53272	76106	22834
69	53064	76145	23081
69	52972	76089	23117
69	53385	76291	22906
69	53148	76302	23154
69	53238	76214	22976
69	52910	76285	23375
69	53116	76282	23166
69	53109	76307	23198
69	53042	76241	23199
69	53254	76268	23014
69	53149	76299	23150
69	53015	76223	23208
69	53183	76208	23025
69	52965	76178	23213
69	53246	76248	23002
69	53197	76115	22918
69	53132	76173	23041
69	53127	76302	23175
69	53271	76220	22949
69	52980	76244	23264
69	53037	76238	23201
69	52908	76256	23348
69	53407	76295	22888
69	53263	76277	23014
69	53057	76102	23045
69	53305	75808	22503
69	53396	76248	22852
69	53052	76123	23071
69	53196	76278	23082
69	53162	76273	23111
69	53093	76089	22996
69	53098	76297	23199
69	53073	76293	23220
69	53250	76028	22778
69	53129	76112	22983
69	53325	76289	22964
69	53212	76263	23051
69	53252	76248	22996
69	53141	76281	23140
69	53304	76299	22995
69	53013	76224	23211
69	53237	76116	22879
69	53108	75108	22000
69	53192	76304	23112
69	53182	76278	23096
69	53301	76289	22988
69	53055	75845	22790
69	53087	76132	23045
69	53004	76280	23276
69	53314	76252	22938
69	53179	75771	22592
70	53216	76288	23072
70	52976	76306	23330
70	53002	75985	22983
70	52970	76161	23191
70	53094	76243	23149
70	53087	76293	23206
70	53273	76278	23005
70	53019	76123	23104
70	53213	75787	22574
70	53079	76310	23231
70	53548	76183	22635
70	53224	76140	22916
70	53129	76296	23167
70	52922	76093	23171
70	53076	76208	23132
70	53161	76211	23050
70	53077	76316	23239
70	53106	76135	23029
70	53151	76281	23130
70	53008	76257	23249
70	52972	75965	22993
70	53093	75961	22868
70	52984	76085	23101
70	53084	76274	23190
70	53305	76261	22956
70	53011	76267	23256
70	52951	76276	23325
70	53264	76176	22912
70	53127	76288	23161
70	53344	76255	22911
70	53142	76293	23151
70	53080	76046	22966
70	52959	76121	23162
70	53219	76273	23054
70	53041	76309	23268
70	53087	76239	23152
70	53095	76144	23049
70	53042	76266	23224
70	52986	76272	23286
70	53461	76011	22550
70	53006	76029	23023
70	53059	76124	23065
70	53015	75246	22231
70	53151	76273	23122
70	52996	76268	23272
70	53044	76302	23258
70	53695	76184	22489
70	53224	76090	22866
70	53084	76272	23188
70	53101	76237	23136
70	53150	76283	23133
70	53072	76251	23179
70	52910	76222	23312
70	53272	76105	22833
70	53128	76125	22997
70	53134	76104	22970
70	53032	76253	23221
70	53109	76285	23176
70	52989	76236	23247
70	53063	76282	23219
70	53122	76301	23179
70	53170	76125	22955
70	53110	76148	23038
70	53300	76298	22998
70	52886	76301	23415
70	53089	76298	23209
70	53122	76289	23167
70	52942	76302	23360
70	52904	76300	23396
70	52963	76255	23292
70	52928	76264	23336
70	53453	76270	22817
70	53279	76274	22995
70	52987	76296	23309
70	53104	76088	22984
70	52907	76291	23384
70	53089	76112	23023
70	52944	76086	23142
70	53013	76146	23133
70	53115	76315	23200
70	53089	76050	22961
70	53105	76296	23191
70	52945	75981	23036
70	53074	76078	23004
70	53308	76289	22981
70	52993	76292	23299
71	53133	76138	23005
71	53282	76284	23002
71	52998	76125	23127
71	53046	76298	23252
71	53027	76241	23214
71	52976	76043	23067
71	52945	76047	23102
71	52964	76309	23345
71	53059	76263	23204
71	52981	76142	23161
71	53389	76231	22842
71	53005	76288	23283
71	53183	76299	23116
71	53167	76292	23125
71	53267	76222	22955
71	53096	76293	23197
71	53285	76288	23003
71	53237	76293	23056
71	53316	76267	22951
71	53057	76023	22966
71	53027	76232	23205
71	53156	76297	23141
71	53338	75997	22659
71	52893	76207	23314
71	53080	76135	23055
71	53095	76290	23195
71	53160	76113	22953
71	53062	76267	23205
71	52948	76225	23277
71	52995	76249	23254
71	53190	76281	23091
71	53045	76247	23202
71	53186	76289	23103
71	53043	76112	23069
71	53080	76214	23134
71	53333	76287	22954
71	53211	76254	23043
71	53083	76264	23181
71	53122	76237	23115
71	53240	76286	23046
71	53238	76255	23017
71	53077	76279	23202
71	53020	75979	22959
71	52990	76300	23310
71	52944	76315	23371
71	53122	76233	23111
71	53057	76288	23231
71	52914	76308	23394
71	53031	76290	23259
71	53021	75803	22782
71	53114	75952	22838
71	52932	76267	23335
71	53334	76108	22774
71	53187	76245	23058
71	53064	75946	22882
71	53327	76267	22940
71	53000	76038	23038
71	52930	76288	23358
71	53370	76278	22908
71	52994	76306	23312
71	52888	75885	22997
71	52902	76216	23314
71	52915	76120	23205
71	52990	76134	23144
71	52880	76081	23201
71	53046	76305	23259
71	53190	75972	22782
71	53072	76077	23005
71	53016	76303	23287
71	53068	76138	23070
71	53127	76229	23102
71	53017	76258	23241
71	53065	76239	23174
71	52963	76152	23189
71	53139	76047	22908
71	53097	76294	23197
71	53016	76312	23296
71	53001	76297	23296
71	53041	76310	23269
71	53119	76222	23103
71	53185	76261	23076
71	52931	76242	23311
71	52921	76302	23381
71	53308	76278	22970
71	53046	76287	23241
71	53145	76276	23131
72	53108	76292	23184
72	53004	76294	23290
72	53083	76237	23154
72	52952	76148	23196
72	52943	76312	23369
72	52923	76308	23385
72	52933	76303	23370
72	53008	76276	23268
72	52920	76307	23387
72	52827	76293	23466
72	53017	76033	23016
72	53036	76314	23278
72	53055	76156	23101
72	52952	76133	23181
72	53168	76270	23102
72	52939	76304	23365
72	52904	76310	23406
72	53032	76278	23246
72	52907	76234	23327
72	52935	76055	23120
72	53248	76129	22881
72	53136	76132	22996
72	53151	76301	23150
72	53280	76279	22999
72	52897	76134	23237
72	52999	76304	23305
72	52920	76128	23208
72	53106	76259	23153
72	52941	76309	23368
72	52907	76299	23392
72	53092	76291	23199
72	53278	76265	22987
72	52930	76044	23114
72	53038	76304	23266
72	53006	76312	23306
72	53107	76296	23189
72	52908	76285	23377
72	53194	76292	23098
72	52988	76125	23137
72	53165	75826	22661
72	53011	76298	23287
72	52904	76241	23337
72	52909	76300	23391
72	52957	76305	23348
72	53146	76284	23138
72	53081	76305	23224
72	52997	76315	23318
72	53076	76128	23052
72	52952	76298	23346
72	52878	76087	23209
72	53143	76293	23150
72	52884	75966	23082
72	53133	76302	23169
72	53369	76108	22739
72	53216	76124	22908
72	53218	76304	23086
72	52970	76112	23142
72	53109	76133	23024
72	53037	76255	23218
72	53137	76294	23157
72	53213	76239	23026
72	53147	76276	23129
72	53021	76289	23268
72	52835	76309	23474
72	52874	76312	23438
72	52851	76282	23431
72	52916	76289	23373
72	53072	76310	23238
72	52934	76298	23364
72	53028	76280	23252
72	53105	76245	23140
72	52955	76289	23334
72	53349	76273	22924
72	53189	76295	23106
72	53012	76241	23229
72	52916	76281	23365
72	53049	76020	22971
72	53035	76286	23251
72	52902	76027	23125
72	53003	76116	23113
72	53008	76254	23246
72	52941	76263	23322
72	52964	76244	23280
72	52941	76300	23359
72	52931	76295	23364
72	52962	76306	23344
73	52902	76294	23392
73	52948	76309	23361
73	52953	76147	23194
73	53221	76268	23047
73	53106	76273	23167
73	53061	76156	23095
73	52997	76253	23256
73	52990	76279	23289
73	52990	76150	23160
73	52992	76137	23145
73	53216	76280	23064
73	52925	76282	23357
73	52920	76044	23124
73	52925	76147	23222
73	53053	76215	23162
73	53019	76314	23295
73	53069	76291	23222
73	53232	76268	23036
73	53115	76230	23115
73	52971	76319	23348
73	52922	76309	23387
73	53007	76284	23277
73	53289	76251	22962
73	53016	76277	23261
73	52886	76251	23365
73	52873	76295	23422
73	52846	76307	23461
73	53005	76248	23243
73	53006	76304	23298
73	52988	76249	23261
73	52870	76296	23426
73	52758	76097	23339
73	53006	76135	23129
73	52908	76130	23222
73	53036	76290	23254
73	52868	76303	23435
73	52964	76113	23149
73	52969	76131	23162
73	52952	76268	23316
73	52940	76245	23305
73	53173	76249	23076
73	52843	76313	23470
73	52850	76142	23292
73	52892	76318	23426
73	53041	76307	23266
73	53207	76291	23084
73	52987	76304	23317
73	53172	76294	23122
73	52912	75843	22931
73	52987	76304	23317
73	52897	76303	23406
73	52915	76282	23367
73	52901	76299	23398
73	53048	76284	23236
73	52909	76306	23397
73	52897	76290	23393
73	53041	76134	23093
73	53117	76098	22981
73	52875	76129	23254
73	53238	76270	23032
73	52852	76293	23441
73	53168	76225	23057
73	53026	76303	23277
73	52897	76131	23234
73	52838	76263	23425
73	53299	76279	22980
73	53066	76265	23199
73	52954	76053	23099
73	52922	76273	23351
73	52801	76254	23453
73	53093	76287	23194
73	53016	76000	22984
73	52812	76285	23473
73	53182	76264	23082
73	52878	76255	23377
73	53028	76233	23205
73	52912	76294	23382
73	52961	76246	23285
73	53120	76254	23134
73	52814	75982	23168
73	53073	76141	23068
73	52752	76229	23477
73	53093	76262	23169
73	52972	76306	23334
73	53082	76268	23186
73	52893	76311	23418
74	52960	76293	23333
74	52971	76136	23165
74	52969	76297	23328
74	52851	76284	23433
74	52917	76042	23125
74	52884	76207	23323
74	52911	76303	23392
74	52924	76296	23372
74	52960	76234	23274
74	52783	76263	23480
74	52831	76308	23477
74	53091	76123	23032
74	52890	76302	23412
74	52791	76319	23528
74	52834	76305	23471
74	52920	76156	23236
74	53140	76296	23156
74	52962	76148	23186
74	52891	76091	23200
74	52958	76199	23241
74	52975	76306	23331
74	52943	76290	23347
74	52869	76042	23173
74	52997	76156	23159
74	53038	76242	23204
74	52821	76305	23484
74	52853	76312	23459
74	52741	76283	23542
74	52916	76301	23385
74	52876	76161	23285
74	52868	76234	23366
74	52839	75955	23116
74	52960	76273	23313
74	53056	76297	23241
74	53105	76284	23179
74	53125	76292	23167
74	52887	76182	23295
74	53003	76273	23270
74	52931	76242	23311
74	53020	76247	23227
74	52875	76134	23259
74	53012	76288	23276
74	53059	76281	23222
74	52873	76254	23381
74	52968	76094	23126
74	52768	76305	23537
74	52931	76288	23357
74	53005	76216	23211
74	52868	76308	23440
74	52849	76258	23409
74	53011	76314	23303
74	53061	76065	23004
74	52949	76214	23265
74	52943	76297	23354
74	52844	76304	23460
74	52863	76148	23285
74	52861	75495	22634
74	52846	76264	23418
74	52942	76258	23316
74	53310	76119	22809
74	52907	76289	23382
74	52838	76237	23399
74	52818	76296	23478
74	52811	76300	23489
74	52864	75858	22994
74	52896	76254	23358
74	52907	76149	23242
74	52954	76293	23339
74	52936	76215	23279
74	52824	76300	23476
74	52825	76119	23294
74	52800	76306	23506
74	53000	76288	23288
74	53176	76300	23124
74	53038	75972	22934
74	52857	76306	23449
74	52887	76286	23399
74	53014	76134	23120
74	52842	76096	23254
74	52905	76126	23221
74	52814	76309	23495
74	52849	76146	23297
74	52884	76237	23353
74	52830	76253	23423
74	52996	75867	22871
74	53059	76274	23215
75	53088	76302	23214
75	52960	76131	23171
75	52868	76152	23284
75	52991	76307	23316
75	52800	76256	23456
75	52828	76148	23320
75	52905	76296	23391
75	52971	76252	23281
75	53177	76270	23093
75	53084	76293	23209
75	52787	76146	23359
75	52885	76242	23357
75	52803	76243	23440
75	52814	76306	23492
75	52920	76280	23360
75	52931	76228	23297
75	52998	76224	23226
75	52814	76310	23496
75	52946	76292	23346
75	52913	76152	23239
75	53125	76278	23153
75	52800	76285	23485
75	53100	76103	23003
75	52843	76148	23305
75	52928	76227	23299
75	52927	76275	23348
75	52939	76061	23122
75	52997	76135	23138
75	52775	76232	23457
75	52989	76292	23303
75	53046	76146	23100
75	53115	76228	23113
75	52819	76306	23487
75	52957	76271	23314
75	53088	76293	23205
75	52889	76316	23427
75	53193	76295	23102
75	52891	76144	23253
75	52802	76302	23500
75	52888	76295	23407
75	52798	76279	23481
75	53067	76291	23224
75	52964	76282	23318
75	52832	76231	23399
75	53222	76302	23080
75	52924	75874	22950
75	52796	76308	23512
75	52808	76298	23490
75	52848	76305	23457
75	52803	76308	23505
75	52838	76309	23471
75	53091	76303	23212
75	53033	76287	23254
75	53062	76281	23219
75	52873	76256	23383
75	52891	76305	23414
75	52858	76249	23391
75	53031	76154	23123
75	52831	76313	23482
75	53037	76264	23227
75	53133	76122	22989
75	52863	76287	23424
75	52901	76133	23232
75	52971	76314	23343
75	52817	76133	23316
75	52796	76204	23408
75	52740	76314	23574
75	52932	76306	23374
75	52936	76130	23194
75	52819	76273	23454
75	52948	76253	23305
75	52961	76260	23299
75	52890	76303	23413
75	52768	76103	23335
75	52948	76295	23347
75	52941	76305	23364
75	53171	76289	23118
75	52851	76292	23441
75	52841	76296	23455
75	52826	76319	23493
75	52839	76125	23286
75	52921	76299	23378
75	52948	76288	23340
75	53044	76129	23085
75	52954	76292	23338
75	52887	76308	23421
76	52915	76285	23370
76	52831	76312	23481
76	52920	76057	23137
76	52819	76293	23474
76	52785	76139	23354
76	52931	76294	23363
76	52951	76313	23362
76	52883	76307	23424
76	52746	76289	23543
76	52932	76290	23358
76	52965	76233	23268
76	52749	76295	23546
76	52781	76314	23533
76	52830	76303	23473
76	52877	76306	23429
76	52833	76307	23474
76	52772	76318	23546
76	52938	76144	23206
76	52942	76273	23331
76	53044	76133	23089
76	52951	76136	23185
76	52744	76307	23563
76	52863	76158	23295
76	52834	76308	23474
76	52845	76157	23312
76	53041	76300	23259
76	52844	76258	23414
76	52768	76302	23534
76	52784	76255	23471
76	52785	76310	23525
76	52788	76106	23318
76	52940	76199	23259
76	52881	76310	23429
76	52710	76307	23597
76	52844	76152	23308
76	52769	76296	23527
76	52956	76295	23339
76	52858	76314	23456
76	52766	76248	23482
76	52878	76312	23434
76	52761	76249	23488
76	53054	76241	23187
76	52724	76258	23534
76	52754	76303	23549
76	52921	76279	23358
76	53161	76145	22984
76	52827	76270	23443
76	52897	76298	23401
76	52786	76307	23521
76	52898	76309	23411
76	53111	76239	23128
76	53004	76281	23277
76	52951	76299	23348
76	52888	76060	23172
76	53157	76269	23112
76	52819	76282	23463
76	52880	76258	23378
76	52970	76305	23335
76	52938	76291	23353
76	52913	76288	23375
76	52820	76313	23493
76	52869	76304	23435
76	52832	75963	23131
76	52793	76290	23497
76	52803	76132	23329
76	52881	76245	23364
76	52850	76119	23269
76	52796	76311	23515
76	52955	76304	23349
76	52905	76300	23395
76	52910	76306	23396
76	52932	76139	23207
76	52779	76315	23536
76	52838	76264	23426
76	52970	76243	23273
76	52754	76308	23554
76	52876	75861	22985
76	53017	76301	23284
76	53067	76129	23062
76	52812	76312	23500
76	52811	76243	23432
76	52853	75951	23098
76	52887	76308	23421
76	52916	76310	23394
76	52792	76243	23451
76	52754	76301	23547
77	53023	76274	23251
77	52746	76301	23555
77	53048	76297	23249
77	52736	76311	23575
77	52916	76315	23399
77	52748	76311	23563
77	52899	76208	23309
77	52805	76120	23315
77	52726	76315	23589
77	52834	76315	23481
77	52689	76305	23616
77	52777	76153	23376
77	52974	76113	23139
77	52750	76302	23552
77	52860	76294	23434
77	52809	75869	23060
77	52796	76143	23347
77	52911	76265	23354
77	52793	76148	23355
77	52785	76310	23525
77	52826	76256	23430
77	52760	76201	23441
77	52779	76298	23519
77	52950	76295	23345
77	52929	76306	23377
77	52832	76318	23486
77	53019	76234	23215
77	52835	76318	23483
77	52923	76295	23372
77	52840	76150	23310
77	52780	76314	23534
77	52882	76300	23418
77	52785	76298	23513
77	52913	76313	23400
77	53049	76271	23222
77	53021	76298	23277
77	52852	76297	23445
77	52777	75873	23096
77	52733	76308	23575
77	52879	76310	23431
77	52745	76247	23502
77	52865	76298	23433
77	52821	76309	23488
77	53062	76307	23245
77	52949	76306	23357
77	52877	76290	23413
77	52804	76312	23508
77	52908	76313	23405
77	52816	76294	23478
77	52957	76303	23346
77	52916	76315	23399
77	52765	76298	23533
77	52820	76149	23329
77	53035	76307	23272
77	52847	76313	23466
77	52784	76316	23532
77	53266	76279	23013
77	52878	76314	23436
77	52771	76292	23521
77	52789	76251	23462
77	52953	76291	23338
77	52794	76315	23521
77	52771	76241	23470
77	52717	75915	23198
77	52870	76310	23440
77	52817	75861	23044
77	52809	76314	23505
77	52716	76314	23598
77	52772	76317	23545
77	52785	76281	23496
77	52783	76073	23290
77	52812	76309	23497
77	52758	76291	23533
77	52769	76318	23549
77	52838	76294	23456
77	52860	76160	23300
77	52845	76251	23406
77	52782	76318	23536
77	52803	76282	23479
77	52865	76305	23440
77	52805	76309	23504
77	52672	76144	23472
77	52738	76307	23569
77	52737	76297	23560
77	52880	76309	23429
77	52842	76146	23304
78	52758	76119	23361
78	52679	76147	23468
78	52967	76304	23337
78	52717	76319	23602
78	52781	76275	23494
78	52836	76162	23326
78	52716	76142	23426
78	52762	76255	23493
78	52773	76303	23530
78	52789	76268	23479
78	52745	76217	23472
78	52733	76301	23568
78	52736	76314	23578
78	52815	76254	23439
78	52711	76304	23593
78	52893	76307	23414
78	52788	76138	23350
78	52771	76319	23548
78	52854	76314	23460
78	52870	76140	23270
78	52815	76299	23484
78	52889	76306	23417
78	53027	76299	23272
78	52845	76264	23419
78	52698	76303	23605
78	52785	76313	23528
78	52834	76318	23484
78	52901	76119	23218
78	52812	76135	23323
78	52999	76302	23303
78	52952	76291	23339
78	52821	76130	23309
78	52823	76158	23335
78	52797	76279	23482
78	53108	76132	23024
78	52751	76257	23506
78	52773	76299	23526
78	53069	76255	23186
78	52743	76302	23559
78	52777	76315	23538
78	52886	76312	23426
78	52696	76282	23586
78	52687	76147	23460
78	52782	76106	23324
78	52853	76140	23287
78	52962	76304	23342
78	52787	76310	23523
78	52791	76297	23506
78	52967	76290	23323
78	52794	76299	23505
78	52795	76140	23345
78	52942	76280	23338
78	52714	76269	23555
78	52873	76304	23431
78	52786	76127	23341
78	52780	76301	23521
78	53012	76291	23279
78	52999	76300	23301
78	52756	76320	23564
78	52831	76311	23480
78	52726	76305	23579
78	52772	76286	23514
78	52756	76311	23555
78	52706	76308	23602
78	52747	76241	23494
78	52742	76317	23575
78	52875	76297	23422
78	52777	76304	23527
78	53090	76278	23188
78	52752	76306	23554
78	52841	76049	23208
78	52797	76257	23460
78	52770	76157	23387
78	52718	76259	23541
78	52736	76318	23582
78	52827	76269	23442
78	52743	76315	23572
78	52697	76248	23551
78	52918	76303	23385
78	53015	76303	23288
78	52920	76304	23384
78	52874	76313	23439
78	52870	76312	23442
78	52779	76315	23536
78	52778	76313	23535
78	52689	76280	23591
79	52738	76319	23581
79	52795	76307	23512
79	52838	76132	23294
79	52694	76303	23609
79	52639	76270	23631
79	52738	76318	23580
79	52792	76256	23464
79	52765	76318	23553
79	52839	76312	23473
79	52787	76295	23508
79	52719	76054	23335
79	52732	76305	23573
79	52707	76249	23542
79	52757	76161	23404
79	52765	76307	23542
79	52831	76302	23471
79	52716	76251	23535
79	52693	76251	23558
79	52737	76306	23569
79	52752	75977	23225
79	52719	76292	23573
79	52740	76118	23378
79	52679	76307	23628
79	52917	76294	23377
79	52656	76274	23618
79	52797	76319	23522
79	52648	76141	23493
79	52768	76279	23511
79	53016	76282	23266
79	52664	76248	23584
79	52758	76158	23400
79	52712	76314	23602
79	52908	76297	23389
79	52738	76313	23575
79	52771	76280	23509
79	52844	76239	23395
79	52710	76290	23580
79	52810	76299	23489
79	52853	76132	23279
79	52652	75985	23333
79	52710	76296	23586
79	52779	76311	23532
79	52913	76289	23376
79	52814	76314	23500
79	52831	76291	23460
79	52776	76317	23541
79	52739	76283	23544
79	52772	76304	23532
79	52662	76151	23489
79	52694	76319	23625
79	52917	76296	23379
79	52758	76302	23544
79	52752	76311	23559
79	52716	76312	23596
79	52810	76306	23496
79	52703	76316	23613
79	52718	76319	23601
79	52737	76308	23571
79	52740	76304	23564
79	53044	76266	23222
79	52745	76310	23565
79	52824	76318	23494
79	52808	76268	23460
79	52722	76318	23596
79	52921	76308	23387
79	52712	76144	23432
79	52703	76097	23394
79	53051	76288	23237
79	52769	76304	23535
79	52678	76247	23569
79	52803	76257	23454
79	52917	76292	23375
79	52743	76271	23528
79	52726	76246	23520
79	52843	76299	23456
79	52819	76317	23498
79	52665	76309	23644
79	52816	76300	23484
79	52829	76298	23469
79	52760	76151	23391
79	52730	76128	23398
79	52847	76307	23460
79	52715	76068	23353
79	52716	76306	23590
79	52704	76319	23615
79	52797	76310	23513
80	52769	76304	23535
80	52839	76298	23459
80	52838	76080	23242
80	52675	76316	23641
80	52836	76301	23465
80	52736	76309	23573
80	52702	76307	23605
80	52990	76146	23156
80	52760	76318	23558
80	52867	76310	23443
80	52839	76139	23300
80	52656	76316	23660
80	52892	76297	23405
80	52869	76307	23438
80	52761	76269	23508
80	52751	76319	23568
80	52717	76146	23429
80	53036	76292	23256
80	52716	76315	23599
80	52734	76310	23576
80	52766	76312	23546
80	52668	76274	23606
80	52855	76301	23446
80	52794	76304	23510
80	52630	76278	23648
80	52698	76320	23622
80	52738	76162	23424
80	52688	76290	23602
80	52678	76308	23630
80	52664	76305	23641
80	52705	76281	23576
80	52749	76162	23413
80	52703	76279	23576
80	52774	76281	23507
80	52714	76315	23601
80	52663	76297	23634
80	52716	76312	23596
80	52658	76316	23658
80	52787	76317	23530
80	52763	76158	23395
80	52813	76315	23502
80	52690	76124	23434
80	52783	76194	23411
80	52892	76305	23413
80	52683	76252	23569
80	52707	76278	23571
80	52720	76158	23438
80	52769	76316	23547
80	52938	76142	23204
80	52637	76248	23611
80	52712	76308	23596
80	52729	76312	23583
80	52755	76308	23553
80	52831	76267	23436
80	52679	76319	23640
80	52731	76313	23582
80	52859	76308	23449
80	52848	76293	23445
80	52686	76312	23626
80	52897	76286	23389
80	52726	76317	23591
80	52741	76314	23573
80	52717	76321	23604
80	52757	76297	23540
80	52647	76315	23668
80	52719	76316	23597
80	52695	76305	23610
80	52670	76283	23613
80	52632	76077	23445
80	52696	76316	23620
80	52843	76316	23473
80	52674	76319	23645
80	52631	76256	23625
80	52692	76318	23626
80	52836	76300	23464
80	52841	76308	23467
80	52661	76317	23656
80	52628	76143	23515
80	52630	76314	23684
80	52638	76308	23670
80	52621	76311	23690
80	52645	76142	23497
80	52680	76285	23605
80	52765	76319	23554
80	52685	76293	23608
80	52600	76298	23698
81	52766	76297	23531
81	52729	76308	23579
81	52840	76306	23466
81	52751	76317	23566
81	52736	76315	23579
81	52911	76140	23229
81	52679	76308	23629
81	52712	76310	23598
81	52689	76145	23456
81	52683	76315	23632
81	52689	76311	23622
81	52740	76311	23571
81	52642	76316	23674
81	52618	76299	23681
81	52751	76316	23565
81	52595	76319	23724
81	52661	76319	23658
81	52622	76311	23689
81	52614	76309	23695
81	53030	76279	23249
81	52689	76319	23630
81	52682	76317	23635
81	52732	76161	23429
81	52680	76319	23639
81	52631	76316	23685
81	52633	76314	23681
81	52645	76310	23665
81	52714	76313	23599
81	52843	76299	23456
81	52698	76276	23578
81	52660	76150	23490
81	52726	76315	23589
81	52638	76280	23642
81	52651	76245	23594
81	52648	76320	23672
81	52709	76308	23599
81	52636	76307	23671
81	52748	76319	23571
81	52889	76302	23413
81	52885	76301	23416
81	52863	76238	23375
81	52651	76316	23665
81	52692	76321	23629
81	52672	76314	23642
81	52662	76317	23655
81	52661	76313	23652
81	52846	76276	23430
81	52615	76310	23695
81	52669	76309	23640
81	52680	76316	23636
81	52620	76134	23514
81	52726	76320	23594
81	52634	76248	23614
81	52668	76319	23651
81	52861	76304	23443
81	52702	76279	23577
81	52660	76314	23654
81	52686	76311	23625
81	52662	76321	23659
81	52733	76313	23580
81	52718	76302	23584
81	52816	76307	23491
81	52669	76314	23645
81	52706	76320	23614
81	52668	76317	23649
81	52888	76288	23400
81	52638	76285	23647
81	52690	76311	23621
81	52645	76318	23673
81	52708	76317	23609
81	52660	76317	23657
81	52725	76311	23586
81	52682	76280	23598
81	52638	76314	23676
81	52771	76316	23545
81	52664	76314	23650
81	52697	76319	23622
81	52710	76158	23448
81	52669	76311	23642
81	52698	76297	23599
81	52675	76283	23608
81	52713	76316	23603
81	52706	76144	23438
81	52649	76306	23657
81	52667	76307	23640
81	52671	76307	23636
82	52845	76309	23464
82	52669	76318	23649
82	52698	76308	23610
82	52597	76317	23720
82	52638	76317	23679
82	52674	76320	23646
82	52703	76319	23616
82	52673	76164	23491
82	52642	76320	23678
82	52627	76149	23522
82	52632	76152	23520
82	52585	76308	23723
82	52656	76261	23605
82	52579	76254	23675
82	52599	76314	23715
82	52641	76318	23677
82	52713	76309	23596
82	52680	76300	23620
82	52663	76317	23654
82	52626	76320	23694
82	52775	76313	23538
82	52613	76321	23708
82	52635	76320	23685
82	52727	76317	23590
82	52782	76308	23526
82	52670	76315	23645
82	52654	76319	23665
82	52720	76316	23596
82	52644	76315	23671
82	52650	76320	23670
82	52672	76300	23628
82	52658	76149	23491
82	52643	76316	23673
82	52674	76321	23647
82	52629	76211	23582
82	52597	76271	23674
82	52756	76316	23560
82	52688	76298	23610
82	52619	76313	23694
82	52727	76317	23590
82	52628	76315	23687
82	52717	76311	23594
82	52649	76314	23665
82	52657	76320	23663
82	52794	76131	23337
82	52790	76314	23524
82	52827	76150	23323
82	52711	76320	23609
82	52608	76264	23656
82	52617	76319	23702
82	52658	76315	23657
82	52684	76312	23628
82	52664	76321	23657
82	52670	76286	23616
82	53035	76289	23254
82	52603	76145	23542
82	52607	76283	23676
82	52660	76320	23660
82	52770	76315	23545
82	52632	76151	23519
82	52717	76310	23593
82	52766	76161	23395
82	52670	76312	23642
82	52647	76301	23654
82	52697	76160	23463
82	52718	76162	23444
82	52602	76311	23709
82	52823	76155	23332
82	52661	76312	23651
82	52683	76308	23625
82	52678	76319	23641
82	52888	76304	23416
82	52598	76321	23723
82	52607	76311	23704
82	52722	76149	23427
82	52608	76309	23701
82	52663	76320	23657
82	52672	76307	23635
82	52693	76298	23605
82	52808	76298	23490
82	52729	76295	23566
82	52629	76259	23630
82	52715	76311	23596
82	52666	76313	23647
82	52673	76318	23645
82	52665	76320	23655
83	52594	76316	23722
83	52611	76311	23700
83	52622	76320	23698
83	52566	76261	23695
83	52653	76311	23658
83	52623	76320	23697
83	52584	76134	23550
83	52653	76300	23647
83	52615	76321	23706
83	52615	76153	23538
83	52589	76320	23731
83	52594	76320	23726
83	52667	76316	23649
83	52637	76321	23684
83	52620	76319	23699
83	52601	76321	23720
83	52670	76318	23648
83	52632	76308	23676
83	52723	76291	23568
83	52614	76320	23706
83	52650	76299	23649
83	52610	76314	23704
83	52614	76153	23539
83	52588	76317	23729
83	52612	76319	23707
83	52635	76321	23686
83	52626	76316	23690
83	52619	76320	23701
83	52580	76284	23704
83	52656	76315	23659
83	52615	76320	23705
83	52682	76311	23629
83	52609	76321	23712
83	52597	76315	23718
83	52579	76316	23737
83	52640	76317	23677
83	52653	76319	23666
83	52645	76320	23675
83	52635	76321	23686
83	52656	76321	23665
83	52638	76317	23679
83	52643	76320	23677
83	52627	76320	23693
83	52590	76315	23725
83	52565	75991	23426
83	52602	76317	23715
83	52603	76315	23712
83	52635	76320	23685
83	52613	76319	23706
83	52622	76320	23698
83	52599	76321	23722
83	52623	76317	23694
83	52711	76321	23610
83	52617	76317	23700
83	52666	76303	23637
83	52645	76238	23593
83	52621	76318	23697
83	52623	76313	23690
83	52675	76315	23640
83	52582	76320	23738
83	52603	76321	23718
83	52601	76308	23707
83	52653	76308	23655
83	52599	76314	23715
83	52593	76309	23716
83	52656	76315	23659
83	52577	76285	23708
83	52630	76319	23689
83	52675	76317	23642
83	52572	76281	23709
83	52579	76314	23735
83	52783	76143	23360
83	52637	76320	23683
83	52603	76320	23717
83	52627	76317	23690
83	52642	76319	23677
83	52655	76321	23666
83	52584	76315	23731
83	52613	76284	23671
83	52643	76319	23676
83	52650	76319	23669
83	52623	76310	23687
83	52594	76320	23726
83	52656	76319	23663
83	52609	76319	23710
84	52581	76318	23737
84	52607	76318	23711
84	52593	76321	23728
84	52626	76314	23688
84	52735	76309	23574
84	52605	76321	23716
84	52603	76110	23507
84	52592	76261	23669
84	52609	76317	23708
84	52549	76150	23601
84	52611	76321	23710
84	52622	76320	23698
84	52616	76321	23705
84	52621	76300	23679
84	52613	76315	23702
84	52622	76316	23694
84	52579	76321	23742
84	52611	76320	23709
84	52555	76285	23730
84	52626	76320	23694
84	52596	76319	23723
84	52594	76320	23726
84	52652	76312	23660
84	52576	76308	23732
84	52638	76320	23682
84	52603	76320	23717
84	52580	76319	23739
84	52615	76321	23706
84	52614	76320	23706
84	52584	76320	23736
84	52553	76314	23761
84	52587	76321	23734
84	52598	76321	23723
84	52572	76285	23713
84	52609	76319	23710
84	52621	76319	23698
84	52612	76318	23706
84	52583	76319	23736
84	52677	76318	23641
84	52635	76310	23675
84	52583	76320	23737
84	52560	76312	23752
84	52592	76320	23728
84	52627	76320	23693
84	52626	76320	23694
84	52647	76163	23516
84	52597	76311	23714
84	52547	76255	23708
84	52610	76321	23711
84	52601	76317	23716
84	52568	76313	23745
84	52641	76300	23659
84	52601	76321	23720
84	52585	76320	23735
84	52610	76320	23710
84	52643	76316	23673
84	52751	76309	23558
84	52593	76320	23727
84	52633	76319	23686
84	52619	76318	23699
84	52598	76319	23721
84	52594	76321	23727
84	52572	76314	23742
84	52595	76321	23726
84	52681	76318	23637
84	52577	76319	23742
84	52580	76314	23734
84	52626	76164	23538
84	52630	76300	23670
84	52576	76318	23742
84	52587	76319	23732
84	52602	76321	23719
84	52574	76317	23743
84	52591	76320	23729
84	52783	76306	23523
84	52575	76307	23732
84	52565	76319	23754
84	52569	76321	23752
84	52575	76321	23746
84	52574	76315	23741
84	52754	76305	23551
84	52623	76163	23540
84	52629	76164	23535
84	52584	76321	23737
84	52582	76317	23735
84	52767	76306	23539
85	52594	76321	23727
85	52603	76318	23715
85	52558	76321	23763
85	52561	76321	23760
85	52555	76321	23766
85	52570	76321	23751
85	52565	76320	23755
85	52555	76321	23766
85	52546	76261	23715
85	52574	76321	23747
85	52566	76321	23755
85	52549	76319	23770
85	52557	76320	23763
85	52598	76320	23722
85	52611	76320	23709
85	52571	76321	23750
85	52601	76316	23715
85	52563	76321	23758
85	52574	76321	23747
85	52579	76320	23741
85	52582	76321	23739
85	52558	76321	23763
85	52600	76321	23721
85	52611	76300	23689
85	52571	76320	23749
85	52562	76321	23759
85	52550	76321	23771
85	52574	76320	23746
85	52568	76319	23751
85	52578	76320	23742
85	52737	76306	23569
85	52558	76308	23750
85	52546	76315	23769
85	52567	76320	23753
85	52573	76321	23748
85	52555	76321	23766
85	52572	76320	23748
85	52568	76321	23753
85	52586	76321	23735
85	52550	76321	23771
85	52590	76318	23728
85	52563	76321	23758
85	52724	76309	23585
85	52560	76320	23760
85	52545	76285	23740
85	52564	76321	23757
85	52560	76321	23761
85	52552	76318	23766
85	52589	76321	23732
85	52581	76321	23740
85	52546	76317	23771
85	52569	76321	23752
