Combinations	core	pangenome	variable
2	52860	58732	5872
2	52394	61380	8986
2	56482	62166	5684
2	53679	58456	4777
2	52152	58075	5923
2	53356	58008	4652
2	53937	58819	4882
2	52072	59870	7798
2	52936	59030	6094
2	56379	60238	3859
2	54835	62159	7324
2	55380	59562	4182
2	53453	55329	1876
2	53947	59313	5366
2	52466	57505	5039
2	53762	58409	4647
2	52041	58014	5973
2	53478	58917	5439
2	52995	58736	5741
2	52165	58158	5993
2	54018	58164	4146
2	53922	58629	4707
2	53637	58288	4651
2	52316	57921	5605
2	52353	58251	5898
2	53037	57773	4736
2	53539	58852	5313
2	52418	57804	5386
2	51698	57776	6078
2	53302	60667	7365
2	54456	59425	4969
2	54166	60865	6699
2	53138	58915	5777
2	51698	61075	9377
2	53234	59052	5818
2	54692	59530	4838
2	55074	59989	4915
2	52921	58433	5512
2	52480	61000	8520
2	52999	58727	5728
2	52033	58035	6002
2	53355	59501	6146
2	53555	58897	5342
2	55206	59503	4297
2	53592	58989	5397
2	54870	59438	4568
2	53700	58398	4698
2	53731	59000	5269
2	52915	59051	6136
2	52734	57500	4766
2	53257	58824	5567
2	53527	58468	4941
2	53486	59216	5730
2	52507	58875	6368
2	54210	62102	7892
2	53891	56998	3107
2	53612	58930	5318
2	53714	58628	4914
2	52826	58859	6033
2	52846	58677	5831
2	55978	60290	4312
2	52407	57562	5155
2	54238	58585	4347
2	52337	58258	5921
2	52422	59094	6672
2	53717	57502	3785
2	52927	57835	4908
2	54212	59233	5021
2	53485	58817	5332
2	53506	58268	4762
3	52307	59997	7690
3	51869	59616	7747
3	51192	59682	8490
3	51797	58479	6682
3	52133	59623	7490
3	52335	58861	6526
3	52192	59402	7210
3	51926	60135	8209
3	53043	59918	6875
3	54035	60489	6454
3	52135	60297	8162
3	50429	59414	8985
3	51514	59380	7866
3	51725	59418	7693
3	52514	59818	7304
3	51157	59645	8488
3	53149	59960	6811
3	52720	60185	7465
3	52417	62273	9856
3	51350	58880	7530
3	52050	59445	7395
3	49860	61956	12096
3	51656	60123	8467
3	53370	60217	6847
3	52761	59557	6796
3	50597	59955	9358
3	50659	62212	11553
3	52852	60495	7643
3	52114	60130	8016
3	52741	59777	7036
3	54796	62439	7643
3	51725	58424	6699
3	51941	60038	8097
3	51606	58504	6898
3	51571	59861	8290
3	51533	60055	8522
3	51774	61333	9559
3	51722	59810	8088
3	52482	59568	7086
3	51947	59695	7748
3	51153	59886	8733
3	52173	58499	6326
3	51420	59730	8310
3	51554	59834	8280
3	52082	60103	8021
3	51780	59373	7593
3	53502	61132	7630
3	51146	62327	11181
3	52068	60017	7949
3	55314	62590	7276
3	50771	59835	9064
3	51844	59584	7740
3	51444	59657	8213
3	52884	60373	7489
3	53833	60810	6977
3	51148	59495	8347
3	51903	59080	7177
3	51790	60005	8215
3	51750	60148	8398
3	51550	60070	8520
3	52340	60164	7824
3	53287	60523	7236
3	51352	59836	8484
3	52691	59871	7180
3	52205	60027	7822
3	52264	60121	7857
3	54592	62418	7826
3	51725	59803	8078
3	52893	60480	7587
3	51338	59399	8061
3	51914	59486	7572
4	51186	60116	8930
4	51454	60702	9248
4	51716	60497	8781
4	49094	62049	12955
4	51036	61190	10154
4	51307	60705	9398
4	51397	60682	9285
4	50395	60083	9688
4	51958	61099	9141
4	50317	60281	9964
4	49361	62244	12883
4	51231	60254	9023
4	50840	60476	9636
4	52400	61445	9045
4	48886	61969	13083
4	50900	60120	9220
4	51250	60406	9156
4	51387	60698	9311
4	51468	60610	9142
4	50744	60360	9616
4	48862	62048	13186
4	49080	61444	12364
4	50811	60035	9224
4	52646	62544	9898
4	50091	60080	9989
4	50921	62570	11649
4	52453	61341	8888
4	52438	60790	8352
4	50787	60219	9432
4	51466	60496	9030
4	50361	60260	9899
4	49509	60165	10656
4	52058	60286	8228
4	51545	60680	9135
4	50404	59800	9396
4	50296	60474	10178
4	52224	60760	8536
4	48713	62240	13527
4	50752	60073	9321
4	50000	60357	10357
4	50645	60477	9832
4	51651	60590	8939
4	50899	60352	9453
4	52057	62584	10527
4	51936	61065	9129
4	49981	60456	10475
4	52716	61255	8539
4	50036	60774	10738
4	51145	60090	8945
4	49863	61512	11649
4	51880	61404	9524
4	50423	60434	10011
4	50248	60297	10049
4	49473	60236	10763
4	51076	60448	9372
4	49854	60078	10224
4	51405	60577	9172
4	49512	60029	10517
4	48229	62187	13958
4	50431	60390	9959
4	51569	60463	8894
4	49558	59980	10422
4	50726	60142	9416
4	50291	60289	9998
4	50041	60312	10271
4	51142	60496	9354
4	50718	60752	10034
4	51427	59661	8234
4	52719	62474	9755
4	50350	60198	9848
4	51020	61174	10154
5	50672	60876	10204
5	49042	60626	11584
5	51734	61045	9311
5	49904	60677	10773
5	49544	60926	11382
5	52153	62774	10621
5	50422	60127	9705
5	48175	63272	15097
5	50725	60751	10026
5	51057	61157	10100
5	49731	60405	10674
5	49353	61712	12359
5	49752	60893	11141
5	50529	60898	10369
5	49172	60328	11156
5	50911	61177	10266
5	50781	61446	10665
5	50464	60951	10487
5	47308	62442	15134
5	50924	60767	9843
5	48256	63084	14828
5	50079	61466	11387
5	49034	60679	11645
5	47642	62406	14764
5	50279	61009	10730
5	50388	60951	10563
5	49464	60613	11149
5	49103	60666	11563
5	50530	60807	10277
5	49675	60509	10834
5	51004	61064	10060
5	49540	60217	10677
5	50108	60356	10248
5	49599	60531	10932
5	48614	60289	11675
5	51734	61307	9573
5	48960	60883	11923
5	46673	62910	16237
5	48214	61621	13407
5	50761	60699	9938
5	49055	60555	11500
5	50123	60799	10676
5	49234	60677	11443
5	50433	62643	12210
5	51033	61468	10435
5	50522	61273	10751
5	49953	60893	10940
5	49421	60650	11229
5	49664	60758	11094
5	50695	61246	10551
5	50866	59846	8980
5	48217	60412	12195
5	47004	62980	15976
5	50563	60714	10151
5	49499	60579	11080
5	48716	62527	13811
5	49023	60210	11187
5	48432	60489	12057
5	50613	60851	10238
5	50367	62490	12123
5	50142	60604	10462
5	50831	61443	10612
5	51116	60300	9184
5	49293	60392	11099
5	49573	60393	10820
5	50787	62589	11802
5	51869	61845	9976
5	49803	61675	11872
5	48042	62430	14388
5	49119	60629	11510
5	49344	60186	10842
6	48762	60694	11932
6	50745	60551	9806
6	48100	61153	13053
6	48233	61183	12950
6	49538	61437	11899
6	47918	62429	14511
6	49358	60490	11132
6	48977	61652	12675
6	49439	60838	11399
6	48709	61282	12573
6	48531	60775	12244
6	49268	61129	11861
6	49102	61206	12104
6	49840	60869	11029
6	50105	61560	11455
6	49673	61319	11646
6	49365	60949	11584
6	48868	60650	11782
6	49068	61019	11951
6	48470	60797	12327
6	48196	62844	14648
6	51216	62782	11566
6	47408	62628	15220
6	49563	62643	13080
6	49745	60282	10537
6	49424	60539	11115
6	49779	60786	11007
6	48365	60629	12264
6	48716	60378	11662
6	49828	62689	12861
6	49899	62516	12617
6	47960	60560	12600
6	49381	61367	11986
6	46551	63435	16884
6	47696	62630	14934
6	48065	60983	12918
6	48779	61092	12313
6	49672	62553	12881
6	48067	60621	12554
6	49249	63397	14148
6	49904	60814	10910
6	49846	61132	11286
6	50252	62659	12407
6	50492	61183	10691
6	49805	60817	11012
6	50282	60881	10599
6	50310	61321	11011
6	49212	60566	11354
6	48273	60813	12540
6	48894	61420	12526
6	48304	60967	12663
6	49228	61390	12162
6	47985	61749	13764
6	48942	60272	11330
6	49152	60861	11709
6	47000	62601	15601
6	48448	60660	12212
6	49969	60364	10395
6	50520	61409	10889
6	48721	60884	12163
6	49945	62900	12955
6	49969	61565	11596
6	48651	60657	12006
6	50837	62719	11882
6	48936	60646	11710
6	49670	60796	11126
6	49798	62641	12843
6	50031	60642	10611
6	49320	61062	11742
6	51757	62769	11012
6	47669	63323	15654
7	48291	60750	12459
7	48310	60795	12485
7	48660	62245	13585
7	49858	61246	11388
7	48833	60960	12127
7	49226	61041	11815
7	48514	60868	12354
7	48576	61504	12928
7	49004	60949	11945
7	47985	62099	14114
7	49534	61409	11875
7	49118	62724	13606
7	46453	62675	16222
7	48456	62552	14096
7	49522	61191	11669
7	49622	61027	11405
7	47926	62703	14777
7	50332	61569	11237
7	48013	61989	13976
7	48112	60977	12865
7	49213	61741	12528
7	48300	61897	13597
7	50963	61863	10900
7	49535	61563	12028
7	47922	60864	12942
7	49025	60844	11819
7	48604	60990	12386
7	48617	60918	12301
7	48352	61246	12894
7	48688	60903	12215
7	49668	61585	11917
7	49255	62538	13283
7	47247	62039	14792
7	47888	60835	12947
7	49173	62697	13524
7	48495	60931	12436
7	49688	62747	13059
7	48874	62982	14108
7	48389	60956	12567
7	49366	61567	12201
7	48908	61103	12195
7	48289	61271	12982
7	49285	61123	11838
7	50465	61732	11267
7	48375	61286	12911
7	49052	60992	11940
7	48965	61088	12123
7	49548	61101	11553
7	49246	61747	12501
7	49403	62607	13204
7	48663	60808	12145
7	46726	62612	15886
7	49039	62695	13656
7	47925	60861	12936
7	48478	61448	12970
7	49937	61180	11243
7	48555	61078	12523
7	48240	61401	13161
7	47771	62707	14936
7	49534	61559	12025
7	49724	60978	11254
7	49137	61316	12179
7	49225	60858	11633
7	48869	61133	12264
7	48291	61267	12976
7	49214	61179	11965
7	50561	61722	11161
7	49492	61430	11938
7	49281	61439	12158
7	46536	62607	16071
7	48489	61011	12522
8	47948	62638	14690
8	48325	61109	12784
8	48788	61651	12863
8	47570	61281	13711
8	48446	61402	12956
8	46429	63151	16722
8	49325	61479	12154
8	48245	62117	13872
8	48865	61682	12817
8	48788	61764	12976
8	47284	60853	13569
8	47693	62707	15014
8	48637	61317	12680
8	47831	60841	13010
8	48449	61427	12978
8	47976	61343	13367
8	49464	61088	11624
8	48295	61415	13120
8	48454	61333	12879
8	47943	61218	13275
8	46785	62590	15805
8	48082	61677	13595
8	48360	61450	13090
8	48144	61640	13496
8	48060	61912	13852
8	47022	61712	14690
8	48400	61582	13182
8	48458	61116	12658
8	48482	61296	12814
8	47668	61115	13447
8	47936	61133	13197
8	47989	61051	13062
8	48280	61737	13457
8	47894	61398	13504
8	47960	61484	13524
8	45687	62830	17143
8	49083	61381	12298
8	48081	61006	12925
8	47915	61298	13383
8	49021	61307	12286
8	48519	61141	12622
8	48788	61042	12254
8	48803	61470	12667
8	48674	60955	12281
8	49594	61747	12153
8	47249	61179	13930
8	47839	61300	13461
8	48779	61803	13024
8	49026	61448	12422
8	48260	61071	12811
8	47473	61921	14448
8	49382	61307	11925
8	48721	61070	12349
8	47952	61403	13451
8	48522	62717	14195
8	48670	61526	12856
8	47832	61516	13684
8	47818	61623	13805
8	48552	61223	12671
8	50061	61843	11782
8	48261	62155	13894
8	48118	62086	13968
8	47654	61525	13871
8	48597	61113	12516
8	47070	62833	15763
8	48840	62705	13865
8	48694	60536	11842
8	47761	61704	13943
8	47692	61574	13882
8	46051	62808	16757
8	48458	61781	13323
9	47487	61317	13830
9	45703	62961	17258
9	48169	60814	12645
9	47976	62763	14787
9	47685	61466	13781
9	48382	61743	13361
9	47135	61406	14271
9	49068	61472	12404
9	48477	61443	12966
9	47732	61225	13493
9	48152	62725	14573
9	47984	61146	13162
9	46885	62960	16075
9	48170	61143	12973
9	49026	61705	12679
9	47646	61353	13707
9	48496	61173	12677
9	47807	62778	14971
9	46462	62897	16435
9	47849	61648	13799
9	48333	61539	13206
9	45759	62789	17030
9	47533	61409	13876
9	47315	61206	13891
9	48540	61382	12842
9	45883	62923	17040
9	49077	61905	12828
9	48681	61950	13269
9	46966	62077	15111
9	46978	61140	14162
9	48324	61276	12952
9	47401	63007	15606
9	47047	61042	13995
9	45955	63047	17092
9	46794	62103	15309
9	47563	61558	13995
9	46258	63049	16791
9	47610	61074	13464
9	48083	61587	13504
9	49247	61550	12303
9	47876	61551	13675
9	47897	61558	13661
9	48578	60839	12261
9	47820	61739	13919
9	47881	61597	13716
9	48404	61641	13237
9	45466	63219	17753
9	49138	62801	13663
9	47826	61246	13420
9	48894	61503	12609
9	47254	63435	16181
9	48475	61485	13010
9	48598	61699	13101
9	46222	63392	17170
9	47913	61175	13262
9	47593	61431	13838
9	47040	60749	13709
9	48146	61254	13108
9	48526	61758	13232
9	47613	60902	13289
9	44853	62895	18042
9	48328	61050	12722
9	45680	63037	17357
9	45999	62947	16948
9	49065	62695	13630
9	47874	62679	14805
9	45526	63262	17736
9	48926	61585	12659
9	47914	61085	13171
9	47798	61378	13580
9	48249	61708	13459
10	48303	61844	13541
10	48418	61994	13576
10	48099	61559	13460
10	46357	63005	16648
10	47417	61294	13877
10	46869	61698	14829
10	46239	62117	15878
10	47620	61650	14030
10	47869	61420	13551
10	47731	63024	15293
10	47431	61434	14003
10	45089	63238	18149
10	46169	62891	16722
10	47134	61793	14659
10	46933	61674	14741
10	47472	61476	14004
10	48417	61772	13355
10	46413	62993	16580
10	47538	61202	13664
10	44892	62887	17995
10	47605	61299	13694
10	47792	62776	14984
10	47704	61183	13479
10	47426	61712	14286
10	46186	62955	16769
10	47808	62850	15042
10	47398	62726	15328
10	47203	61102	13899
10	47686	61987	14301
10	47844	61911	14067
10	47530	61838	14308
10	45852	62916	17064
10	46344	62076	15732
10	45576	63054	17478
10	46910	62400	15490
10	47681	62545	14864
10	45659	62986	17327
10	47151	61468	14317
10	47407	62755	15348
10	48664	61373	12709
10	47074	61330	14256
10	49002	62858	13856
10	47474	62254	14780
10	48170	62780	14610
10	48215	61697	13482
10	48238	61273	13035
10	45332	62853	17521
10	46749	62965	16216
10	47568	61085	13517
10	45693	62911	17218
10	47127	61156	14029
10	44946	63183	18237
10	48269	61481	13212
10	48068	61843	13775
10	47586	61566	13980
10	46952	62140	15188
10	48052	61487	13435
10	47483	62404	14921
10	48363	61918	13555
10	46130	63411	17281
10	48393	62810	14417
10	46038	62961	16923
10	47795	61782	13987
10	48983	61760	12777
10	47987	61512	13525
10	47462	61478	14016
10	48308	62606	14298
10	49112	62882	13770
10	45675	63390	17715
10	48892	61327	12435
10	47325	61420	14095
11	47903	62889	14986
11	46444	61769	15325
11	47513	61645	14132
11	45550	63319	17769
11	47122	61681	14559
11	45861	62104	16243
11	46994	61574	14580
11	47762	62237	14475
11	47401	61570	14169
11	48843	61795	12952
11	45905	62986	17081
11	48101	61854	13753
11	45656	63269	17613
11	47391	61589	14198
11	47227	62329	15102
11	47213	61873	14660
11	47167	61723	14556
11	47101	61625	14524
11	46575	63028	16453
11	47185	61484	14299
11	47616	62784	15168
11	47237	61889	14652
11	45696	62899	17203
11	47715	61710	13995
11	46984	61463	14479
11	47719	62011	14292
11	47036	61531	14495
11	47130	61426	14296
11	47797	62864	15067
11	46756	61323	14567
11	46818	62324	15506
11	47832	61722	13890
11	47313	61413	14100
11	47114	61501	14387
11	46757	62822	16065
11	47509	61541	14032
11	46677	63033	16356
11	47397	62802	15405
11	47887	61635	13748
11	46351	62957	16606
11	47253	61663	14410
11	48295	61732	13437
11	46898	61669	14771
11	46908	61809	14901
11	46565	62312	15747
11	47356	61224	13868
11	47800	61880	14080
11	47519	61592	14073
11	46350	61523	15173
11	47492	61911	14419
11	47297	61632	14335
11	45646	62974	17328
11	47919	62002	14083
11	47336	62802	15466
11	47612	61538	13926
11	45432	63073	17641
11	45622	63319	17697
11	44961	63312	18351
11	47771	61604	13833
11	47607	61727	14120
11	47783	61131	13348
11	47146	62337	15191
11	47692	62783	15091
11	46881	61501	14620
11	46027	62948	16921
11	47029	61485	14456
11	47647	61826	14179
11	47515	61578	14063
11	48106	62847	14741
11	46905	61489	14584
11	46204	61407	15203
12	46664	61323	14659
12	47561	62041	14480
12	46932	62796	15864
12	46533	61614	15081
12	47545	61475	13930
12	47627	61531	13904
12	46559	62220	15661
12	47196	61982	14786
12	48222	61989	13767
12	46620	61889	15269
12	45856	61391	15535
12	47591	62841	15250
12	47340	61735	14395
12	48045	61703	13658
12	44929	62824	17895
12	47919	61915	13996
12	46823	61200	14377
12	47071	62827	15756
12	47177	61833	14656
12	47073	61541	14468
12	47086	61847	14761
12	47464	62866	15402
12	46321	61679	15358
12	47037	61482	14445
12	46739	61373	14634
12	47271	61537	14266
12	45272	63416	18144
12	46633	61640	15007
12	47285	62859	15574
12	46530	61858	15328
12	47914	62890	14976
12	47063	61540	14477
12	47127	61508	14381
12	46195	62955	16760
12	46484	61645	15161
12	46964	62817	15853
12	45905	61788	15883
12	48755	62862	14107
12	47201	62864	15663
12	47118	61728	14610
12	46567	61251	14684
12	47315	61754	14439
12	46123	62213	16090
12	47028	62829	15801
12	46850	61348	14498
12	45187	62924	17737
12	46627	61663	15036
12	47296	62785	15489
12	48235	61884	13649
12	47190	61903	14713
12	46730	61834	15104
12	46568	61641	15073
12	46717	61589	14872
12	46465	61829	15364
12	46359	61653	15294
12	46910	61389	14479
12	46161	63442	17281
12	46836	61688	14852
12	45109	62969	17860
12	46503	62236	15733
12	47381	62756	15375
12	46567	61337	14770
12	46880	61739	14859
12	45732	63070	17338
12	45344	63008	17664
12	46264	62414	16150
12	47161	62356	15195
12	47656	62832	15176
12	47549	62822	15273
12	47029	61730	14701
12	47675	61675	14000
13	46825	62868	16043
13	47503	62867	15364
13	47282	61943	14661
13	44374	63250	18876
13	45970	61252	15282
13	46780	61815	15035
13	44766	63331	18565
13	46708	62327	15619
13	46409	61665	15256
13	46824	61553	14729
13	46899	61967	15068
13	47017	61483	14466
13	46703	61742	15039
13	46866	62829	15963
13	46878	61710	14832
13	46522	62416	15894
13	46441	61734	15293
13	47591	61992	14401
13	45897	61627	15730
13	47435	62905	15470
13	45771	62302	16531
13	46246	61403	15157
13	47229	61465	14236
13	44697	62939	18242
13	46996	62055	15059
13	47219	61694	14475
13	46855	61787	14932
13	46626	62830	16204
13	46761	62823	16062
13	47482	62880	15398
13	47318	62035	14717
13	46388	61579	15191
13	47487	62905	15418
13	46335	61730	15395
13	45251	62281	17030
13	46593	61841	15248
13	47545	61875	14330
13	45345	63012	17667
13	46470	61755	15285
13	46995	61941	14946
13	46155	61510	15355
13	46913	61560	14647
13	47558	61903	14345
13	46238	61876	15638
13	46175	62812	16637
13	46904	61609	14705
13	45144	63464	18320
13	48113	61853	13740
13	46194	62450	16256
13	47086	61529	14443
13	46000	61491	15491
13	44841	62897	18056
13	46873	62464	15591
13	46724	61939	15215
13	47188	61790	14602
13	44508	62846	18338
13	46226	62300	16074
13	47680	61809	14129
13	46917	61619	14702
13	46879	61992	15113
13	44267	62986	18719
13	46711	61666	14955
13	47174	61930	14756
13	46307	62390	16083
13	46236	61579	15343
13	47065	63050	15985
13	47228	61781	14553
13	44792	62994	18202
13	45735	61521	15786
13	48463	61825	13362
13	46539	61513	14974
14	47369	62157	14788
14	46916	63115	16199
14	46526	61646	15120
14	46619	61879	15260
14	46386	62368	15982
14	46760	62863	16103
14	46045	61900	15855
14	46579	61700	15121
14	47284	62053	14769
14	46801	61958	15157
14	46634	61842	15208
14	46186	61701	15515
14	44936	63128	18192
14	46840	62806	15966
14	47296	61826	14530
14	46993	61622	14629
14	46591	61233	14642
14	46640	62830	16190
14	46284	62360	16076
14	46612	61942	15330
14	46212	62464	16252
14	46146	62506	16360
14	46744	61625	14881
14	46274	61710	15436
14	46786	61451	14665
14	47024	62876	15852
14	47921	62898	14977
14	47033	61762	14729
14	47043	62905	15862
14	46850	62895	16045
14	46388	61766	15378
14	46538	62856	16318
14	47437	62902	15465
14	46257	62517	16260
14	45986	62299	16313
14	44219	62998	18779
14	45388	61971	16583
14	44497	63314	18817
14	46709	62803	16094
14	45064	62793	17729
14	45794	61902	16108
14	45344	63046	17702
14	45661	61684	16023
14	46674	62395	15721
14	46637	61916	15279
14	47008	61677	14669
14	46640	61566	14926
14	44622	63081	18459
14	46325	61500	15175
14	46632	61826	15194
14	45938	61423	15485
14	46556	62887	16331
14	45989	63204	17215
14	46866	62877	16011
14	44454	63042	18588
14	46097	61663	15566
14	45828	63059	17231
14	46114	62804	16690
14	45153	63050	17897
14	45766	62378	16612
14	47044	62470	15426
14	47296	62846	15550
14	46400	61838	15438
14	46506	61719	15213
14	47230	62799	15569
14	46932	61306	14374
14	46729	61780	15051
14	46837	61676	14839
14	46873	62861	15988
14	45382	61456	16074
14	46248	61614	15366
15	46494	61796	15302
15	46603	61648	15045
15	45862	62856	16994
15	46744	61759	15015
15	44301	63466	19165
15	45686	63109	17423
15	46439	61656	15217
15	44400	63499	19099
15	46100	62837	16737
15	46183	61740	15557
15	46979	62864	15885
15	44092	63049	18957
15	46358	61695	15337
15	45830	61677	15847
15	45922	63087	17165
15	45959	62527	16568
15	45836	62786	16950
15	45232	62380	17148
15	47220	62068	14848
15	46980	61928	14948
15	44982	63105	18123
15	46856	62831	15975
15	45308	62543	17235
15	44145	63288	19143
15	44771	63048	18277
15	45335	61462	16127
15	44743	63593	18850
15	44567	63491	18924
15	45240	62364	17124
15	45211	63002	17791
15	47853	62910	15057
15	47128	62836	15708
15	47547	62865	15318
15	45919	61682	15763
15	45258	63077	17819
15	44674	63473	18799
15	46107	61705	15598
15	44749	63002	18253
15	46393	62797	16404
15	44523	63096	18573
15	46561	62892	16331
15	46648	62177	15529
15	46833	61972	15139
15	44287	63303	19016
15	46560	61569	15009
15	45822	61662	15840
15	46267	61984	15717
15	45918	63016	17098
15	46787	61583	14796
15	46655	62171	15516
15	46696	62868	16172
15	44257	63057	18800
15	46660	61937	15277
15	45699	62502	16803
15	46150	61821	15671
15	44287	63458	19171
15	43984	63085	19101
15	44922	63468	18546
15	45288	62508	17220
15	44420	63465	19045
15	46001	63080	17079
15	46109	61889	15780
15	46448	61958	15510
15	45828	61884	16056
15	45849	62303	16454
15	46604	62024	15420
15	47229	62881	15652
15	45643	61855	16212
15	46541	62386	15845
15	46668	61780	15112
15	44810	63099	18289
16	43905	63411	19506
16	44656	63101	18445
16	46527	61877	15350
16	45618	62410	16792
16	45642	61751	16109
16	46354	61826	15472
16	46347	61737	15390
16	46105	61734	15629
16	45473	62516	17043
16	45661	61731	16070
16	45588	61778	16190
16	46061	61903	15842
16	46090	61956	15866
16	46095	62463	16368
16	45617	63071	17454
16	45054	62429	17375
16	45329	63075	17746
16	46227	61778	15551
16	45935	62887	16952
16	44639	63450	18811
16	46363	62865	16502
16	45082	63117	18035
16	46328	62017	15689
16	44611	63048	18437
16	45785	62466	16681
16	45725	61804	16079
16	45944	62911	16967
16	45261	61803	16542
16	45771	62514	16743
16	47095	62050	14955
16	45941	61785	15844
16	44520	63128	18608
16	46764	62912	16148
16	46644	62848	16204
16	44069	63402	19333
16	44537	63016	18479
16	46099	63088	16989
16	46768	62825	16057
16	45082	61934	16852
16	47130	62468	15338
16	46703	61765	15062
16	46126	61546	15420
16	46019	62848	16829
16	46808	61629	14821
16	46476	61932	15456
16	45474	63498	18024
16	46638	62061	15423
16	46442	62861	16419
16	46316	62068	15752
16	44469	63466	18997
16	46275	61797	15522
16	45434	62434	17000
16	46502	62468	15966
16	46085	62004	15919
16	45237	62427	17190
16	46715	62017	15302
16	47014	62932	15918
16	45761	62494	16733
16	46024	62526	16502
16	45787	61520	15733
16	46469	61898	15429
16	45693	62870	17177
16	46824	61888	15064
16	45767	61968	16201
16	46104	61909	15805
16	46742	62926	16184
16	46236	61847	15611
16	45228	62406	17178
16	46172	61861	15689
16	45414	62435	17021
16	44149	63590	19441
17	46031	61790	15759
17	45707	62035	16328
17	46052	61941	15889
17	45214	62438	17224
17	44000	63098	19098
17	45341	61910	16569
17	46279	61993	15714
17	45626	62091	16465
17	45738	63058	17320
17	45651	62415	16764
17	45592	61732	16140
17	45734	62254	16520
17	46902	62929	16027
17	46268	62910	16642
17	44966	63143	18177
17	46637	61764	15127
17	46185	61507	15322
17	45884	61930	16046
17	45639	61826	16187
17	45975	62191	16216
17	46450	61856	15406
17	45199	63095	17896
17	44021	63119	19098
17	44770	63439	18669
17	46230	62077	15847
17	45805	63114	17309
17	46117	62182	16065
17	45917	62115	16198
17	45901	61727	15826
17	45934	61793	15859
17	45769	62491	16722
17	45801	62866	17065
17	46004	61851	15847
17	46499	61803	15304
17	44192	63399	19207
17	45356	61957	16601
17	45568	61912	16344
17	46848	62176	15328
17	45806	63077	17271
17	45731	61925	16194
17	45332	61769	16437
17	46088	61875	15787
17	44502	63328	18826
17	45445	62054	16609
17	44286	63514	19228
17	43768	63177	19409
17	46167	61950	15783
17	45628	62122	16494
17	45602	63098	17496
17	44701	63178	18477
17	45739	62849	17110
17	44767	63153	18386
17	45161	62889	17728
17	43816	63086	19270
17	43672	63291	19619
17	45793	63080	17287
17	45004	63065	18061
17	45199	62528	17329
17	45574	62533	16959
17	46587	62191	15604
17	46021	61975	15954
17	45638	62494	16856
17	46053	61856	15803
17	45831	63118	17287
17	46605	61789	15184
17	46568	62031	15463
17	43508	63046	19538
17	47337	62032	14695
17	46104	62887	16783
17	45516	62451	16935
17	46409	62053	15644
18	45581	62494	16913
18	45732	61554	15822
18	45312	62908	17596
18	44008	63093	19085
18	43937	63000	19063
18	43857	63129	19272
18	45838	62066	16228
18	45355	62045	16690
18	45658	61811	16153
18	45454	61837	16383
18	45454	62421	16967
18	45852	61884	16032
18	45168	62368	17200
18	44152	63077	18925
18	43879	63144	19265
18	45740	62843	17103
18	45716	62826	17110
18	46063	63088	17025
18	45899	62897	16998
18	45948	62893	16945
18	43392	63448	20056
18	44306	63019	18713
18	44323	63514	19191
18	46254	61700	15446
18	44554	63156	18602
18	45390	62497	17107
18	45463	61956	16493
18	45317	62003	16686
18	45452	62869	17417
18	46222	62104	15882
18	45598	61752	16154
18	46078	61866	15788
18	46209	61731	15522
18	45828	62097	16269
18	45985	62038	16053
18	45700	62587	16887
18	43763	63087	19324
18	46041	62046	16005
18	45594	61896	16302
18	44321	63153	18832
18	45056	62434	17378
18	45183	62057	16874
18	45242	62453	17211
18	43869	63170	19301
18	45350	62020	16670
18	44672	62505	17833
18	46338	62166	15828
18	44783	62319	17536
18	46229	62151	15922
18	45504	62424	16920
18	44525	63476	18951
18	43831	63350	19519
18	45936	61877	15941
18	46747	62920	16173
18	44603	62409	17806
18	45248	62457	17209
18	44171	63484	19313
18	45984	62515	16531
18	45023	62823	17800
18	45750	61957	16207
18	45874	63153	17279
18	45727	61733	16006
18	45231	62067	16836
18	45609	61999	16390
18	45859	62007	16148
18	45099	63101	18002
18	45970	62866	16896
18	43827	63432	19605
18	45875	62486	16611
18	45029	62353	17324
18	46801	61981	15180
19	45591	62067	16476
19	45742	62853	17111
19	45451	61956	16505
19	43893	63172	19279
19	43447	63383	19936
19	44892	62577	17685
19	44854	62456	17602
19	43962	63174	19212
19	45246	62137	16891
19	45635	62547	16912
19	44351	63060	18709
19	43410	63037	19627
19	45901	62005	16104
19	45419	62134	16715
19	45305	61962	16657
19	45697	63110	17413
19	45855	61960	16105
19	45295	62076	16781
19	45412	63056	17644
19	45093	62202	17109
19	45422	61777	16355
19	45500	63102	17602
19	45201	62484	17283
19	44184	63127	18943
19	44925	62340	17415
19	45593	61849	16256
19	46507	62956	16449
19	43929	62999	19070
19	45520	62095	16575
19	44910	62034	17124
19	46162	62924	16762
19	45988	62052	16064
19	44870	62542	17672
19	44188	63507	19319
19	45374	62040	16666
19	45074	62035	16961
19	44750	62524	17774
19	45748	62089	16341
19	46032	62889	16857
19	43971	63510	19539
19	43477	63384	19907
19	44084	63406	19322
19	45503	62090	16587
19	46501	62066	15565
19	44482	63043	18561
19	44110	63090	18980
19	45790	61832	16042
19	46376	62938	16562
19	44007	63246	19239
19	45774	62857	17083
19	45278	61797	16519
19	44266	63206	18940
19	45168	62469	17301
19	45851	62915	17064
19	44880	63123	18243
19	45478	62925	17447
19	45680	62897	17217
19	45094	62007	16913
19	44714	63135	18421
19	44132	63151	19019
19	45313	62930	17617
19	46758	62146	15388
19	45512	62091	16579
19	44306	63125	18819
19	46152	62878	16726
19	43876	63417	19541
19	44216	63053	18837
19	44655	62594	17939
19	43509	63398	19889
19	46149	62822	16673
19	45949	61864	15915
20	44967	63125	18158
20	43695	63073	19378
20	44877	62103	17226
20	43697	63272	19575
20	45656	62930	17274
20	45414	61908	16494
20	45870	62119	16249
20	45605	61903	16298
20	44029	63130	19101
20	43469	63394	19925
20	46151	62010	15859
20	43853	63225	19372
20	44383	63482	19099
20	45955	61762	15807
20	45020	62892	17872
20	45118	62059	16941
20	43753	63458	19705
20	45406	61877	16471
20	44651	62531	17880
20	45042	62528	17486
20	45257	62897	17640
20	44980	62676	17696
20	44257	63096	18839
20	44162	63246	19084
20	45390	61799	16409
20	45766	61692	15926
20	45503	61855	16352
20	45346	62241	16895
20	45505	62590	17085
20	44345	63209	18864
20	45203	63075	17872
20	46419	62875	16456
20	44769	63507	18738
20	45389	62903	17514
20	45519	61861	16342
20	46109	62950	16841
20	45647	62221	16574
20	43754	63396	19642
20	45395	62933	17538
20	44843	62004	17161
20	45381	61965	16584
20	45738	62892	17154
20	45785	62886	17101
20	45604	61824	16220
20	44290	63249	18959
20	45415	61795	16380
20	43993	63364	19371
20	43486	63048	19562
20	42961	63328	20367
20	45330	62070	16740
20	43967	63217	19250
20	45670	61976	16306
20	45799	62891	17092
20	43948	63146	19198
20	45551	62921	17370
20	46262	62892	16630
20	45652	61829	16177
20	45968	61881	15913
20	43616	63616	20000
20	45706	61982	16276
20	46149	62032	15883
20	42996	63438	20442
20	44640	62598	17958
20	46319	62952	16633
20	45852	62019	16167
20	44035	63622	19587
20	45453	62622	17169
20	45575	61806	16231
20	45441	62044	16603
20	43768	63434	19666
20	45576	62872	17296
21	45349	61796	16447
21	44779	62589	17810
21	44614	62525	17911
21	45037	62540	17503
21	44982	62502	17520
21	45820	61811	15991
21	43862	63526	19664
21	45452	62844	17392
21	45779	62842	17063
21	45244	61893	16649
21	45148	62894	17746
21	44630	62528	17898
21	44909	62356	17447
21	43038	63105	20067
21	44749	62439	17690
21	43223	63474	20251
21	45376	62113	16737
21	44936	62555	17619
21	45114	61905	16791
21	45228	62097	16869
21	43504	63614	20110
21	43636	63528	19892
21	43559	63214	19655
21	45231	62068	16837
21	43448	63178	19730
21	43263	63440	20177
21	43746	63066	19320
21	44212	63483	19271
21	43787	63502	19715
21	45240	62033	16793
21	45253	61804	16551
21	43663	63140	19477
21	44536	62537	18001
21	45074	62622	17548
21	43983	63155	19172
21	45619	62955	17336
21	44146	63178	19032
21	45799	62055	16256
21	45097	62056	16959
21	45148	62605	17457
21	45301	62871	17570
21	44102	63508	19406
21	45844	62929	17085
21	44421	62521	18100
21	44311	62498	18187
21	45920	62148	16228
21	45258	63069	17811
21	44634	61745	17111
21	44891	62597	17706
21	44761	62571	17810
21	45169	62501	17332
21	43319	63394	20075
21	44687	63083	18396
21	43907	63180	19273
21	44745	61851	17106
21	45671	62149	16478
21	45223	62086	16863
21	45030	62484	17454
21	45949	62026	16077
21	45538	62938	17400
21	44697	62524	17827
21	45332	62127	16795
21	44275	63149	18874
21	44727	63116	18389
21	44112	63505	19393
21	45386	63143	17757
21	45702	62137	16435
21	44954	62872	17918
21	44631	61986	17355
21	43376	63338	19962
21	44485	63499	19014
22	43806	63236	19430
22	43895	63144	19249
22	43593	63454	19861
22	45530	62926	17396
22	44828	62106	17278
22	44137	62527	18390
22	44981	62570	17589
22	45421	62926	17505
22	43945	63227	19282
22	43773	63151	19378
22	44112	63235	19123
22	43601	63067	19466
22	45134	63138	18004
22	44793	62592	17799
22	45039	62956	17917
22	45423	62916	17493
22	45317	62055	16738
22	44562	62687	18125
22	44917	61966	17049
22	45635	62951	17316
22	43845	63273	19428
22	44963	61926	16963
22	45343	62242	16899
22	45525	62119	16594
22	43650	63176	19526
22	46408	62252	15844
22	44699	62489	17790
22	45227	62171	16944
22	44965	62229	17264
22	44897	62063	17166
22	44961	62864	17903
22	45747	62968	17221
22	44247	62461	18214
22	45452	62193	16741
22	45010	61823	16813
22	45563	62108	16545
22	45163	62244	17081
22	43183	63067	19884
22	45385	62883	17498
22	44323	62546	18223
22	44988	62143	17155
22	45513	62226	16713
22	43058	63423	20365
22	44599	62433	17834
22	43191	63135	19944
22	44646	63131	18485
22	44899	63167	18268
22	44523	62497	17974
22	43099	63210	20111
22	44968	61852	16884
22	44086	62389	18303
22	45073	62118	17045
22	45603	62959	17356
22	43643	63220	19577
22	43458	63447	19989
22	43851	63505	19654
22	43584	63639	20055
22	46052	62014	15962
22	43344	63154	19810
22	45237	62120	16883
22	44519	62415	17896
22	45319	62161	16842
22	43895	63157	19262
22	45187	62135	16948
22	45871	62924	17053
22	43621	63236	19615
22	44489	62545	18056
22	44279	62940	18661
22	44910	61950	17040
22	43602	63144	19542
22	43831	63513	19682
23	44981	62270	17289
23	43092	63189	20097
23	44947	62685	17738
23	45185	62073	16888
23	44546	63119	18573
23	44467	62704	18237
23	44604	62082	17478
23	44713	62951	18238
23	44992	62533	17541
23	43164	63185	20021
23	44765	62493	17728
23	45201	61996	16795
23	45541	62947	17406
23	44376	62503	18127
23	43360	63171	19811
23	44104	63215	19111
23	43643	63549	19906
23	43443	63189	19746
23	44361	62596	18235
23	45026	62926	17900
23	44992	61987	16995
23	43039	63401	20362
23	44110	63145	19035
23	45518	62086	16568
23	44971	62941	17970
23	45383	61870	16487
23	44496	61896	17400
23	45094	62156	17062
23	45699	62895	17196
23	44680	62525	17845
23	44179	62454	18275
23	45445	62981	17536
23	45622	62908	17286
23	44823	61933	17110
23	43969	63523	19554
23	44983	62701	17718
23	45055	63141	18086
23	45265	63164	17899
23	45181	62920	17739
23	45363	62191	16828
23	45208	63143	17935
23	44814	62221	17407
23	44726	62087	17361
23	45817	62959	17142
23	46031	62957	16926
23	45168	63154	17986
23	43014	63101	20087
23	43434	63267	19833
23	43310	63622	20312
23	43748	63211	19463
23	43729	63160	19431
23	43786	63192	19406
23	45082	62039	16957
23	44678	62546	17868
23	45359	62596	17237
23	45396	62972	17576
23	44191	63113	18922
23	43428	63442	20014
23	45670	62255	16585
23	45282	62907	17625
23	45535	62954	17419
23	44996	61982	16986
23	45209	62878	17669
23	43595	63510	19915
23	45243	62185	16942
23	43031	63434	20403
23	44396	62530	18134
23	43479	63175	19696
23	45279	62911	17632
23	44163	63147	18984
23	43838	63513	19675
24	44410	62569	18159
24	45241	62065	16824
24	44328	62509	18181
24	43219	63285	20066
24	44346	61944	17598
24	43730	63505	19775
24	42973	63179	20206
24	43761	63518	19757
24	44523	62932	18409
24	44529	62921	18392
24	43495	63480	19985
24	44790	62098	17308
24	44102	62735	18633
24	45413	62187	16774
24	44675	62178	17503
24	44917	62155	17238
24	44409	62178	17769
24	44302	63061	18759
24	44902	62892	17990
24	43481	63281	19800
24	43617	63567	19950
24	44589	62199	17610
24	45229	62084	16855
24	43040	63393	20353
24	45746	62970	17224
24	44755	61998	17243
24	45022	62221	17199
24	44640	62616	17976
24	42961	63492	20531
24	43497	63087	19590
24	44338	62463	18125
24	42945	63521	20576
24	45168	62047	16879
24	42791	63432	20641
24	43344	63638	20294
24	43278	63499	20221
24	42997	63379	20382
24	43570	63272	19702
24	43405	63425	20020
24	43621	63248	19627
24	43586	63249	19663
24	45305	61980	16675
24	45546	62249	16703
24	44621	61991	17370
24	45459	62968	17509
24	44245	62591	18346
24	43390	63514	20124
24	44211	63143	18932
24	44915	62920	18005
24	43987	63536	19549
24	44378	63136	18758
24	44843	62936	18093
24	44590	62157	17567
24	44137	63163	19026
24	44735	63144	18409
24	45048	62672	17624
24	45147	62143	16996
24	45025	62937	17912
24	44695	62971	18276
24	44810	62066	17256
24	43320	63215	19895
24	44671	62589	17918
24	43325	63430	20105
24	44504	62666	18162
24	45810	62960	17150
24	42876	63449	20573
24	42888	63427	20539
24	44710	62300	17590
24	42754	63464	20710
24	45120	62276	17156
24	44654	62000	17346
25	44193	62682	18489
25	45165	62971	17806
25	44038	62601	18563
25	43702	62510	18808
25	44874	62073	17199
25	43003	63105	20102
25	43238	63255	20017
25	44563	62893	18330
25	44917	63126	18209
25	44232	62513	18281
25	44805	63168	18363
25	45232	62067	16835
25	44533	62035	17502
25	44246	62492	18246
25	44543	62946	18403
25	44597	63127	18530
25	43632	63490	19858
25	42747	63412	20665
25	44378	63121	18743
25	44542	62610	18068
25	43307	63146	19839
25	44372	62627	18255
25	45117	63016	17899
25	44586	62074	17488
25	44730	61988	17258
25	44331	62561	18230
25	43359	63411	20052
25	45050	62186	17136
25	43289	63634	20345
25	45084	62953	17869
25	44789	62102	17313
25	44179	62531	18352
25	44192	61999	17807
25	45119	62247	17128
25	43927	63239	19312
25	43103	63516	20413
25	44780	62222	17442
25	44363	62606	18243
25	45099	62046	16947
25	44929	62962	18033
25	45068	62977	17909
25	43603	63517	19914
25	44662	62665	18003
25	43285	63172	19887
25	43466	63239	19773
25	45021	61977	16956
25	43617	63095	19478
25	43173	63168	19995
25	43300	63514	20214
25	44944	62970	18026
25	44886	62927	18041
25	42986	63429	20443
25	44754	62920	18166
25	44876	62033	17157
25	45148	62977	17829
25	44864	62911	18047
25	43087	63513	20426
25	44697	62937	18240
25	45475	62991	17516
25	44806	62033	17227
25	44392	62949	18557
25	44699	62528	17829
25	43545	63647	20102
25	44325	62621	18296
25	44199	62691	18492
25	45190	62190	17000
25	45187	62309	17122
25	44822	62068	17246
25	42869	63165	20296
25	45207	62975	17768
25	45215	62941	17726
26	44215	62631	18416
26	44169	62652	18483
26	44483	62289	17806
26	44717	62189	17472
26	42875	63448	20573
26	43208	63626	20418
26	43288	63170	19882
26	42945	63462	20517
26	44781	62995	18214
26	43001	63639	20638
26	44957	62366	17409
26	43274	63531	20257
26	45353	62909	17556
26	45185	62301	17116
26	42902	63455	20553
26	45478	62964	17486
26	44270	62690	18420
26	42672	63456	20784
26	44574	62231	17657
26	44888	62321	17433
26	43636	63523	19887
26	42899	63409	20510
26	43161	63266	20105
26	43274	63190	19916
26	44590	63155	18565
26	44072	63161	19089
26	44788	62947	18159
26	44745	62250	17505
26	44323	62957	18634
26	44704	62226	17522
26	44349	62659	18310
26	43614	63522	19908
26	45029	62596	17567
26	45027	62975	17948
26	44421	62651	18230
26	44964	62979	18015
26	43478	63199	19721
26	43293	63219	19926
26	43617	63148	19531
26	44865	62913	18048
26	43430	63219	19789
26	44275	63157	18882
26	42771	63640	20869
26	44715	62185	17470
26	43510	63319	19809
26	44471	62665	18194
26	44930	62959	18029
26	44260	62687	18427
26	44577	62953	18376
26	45310	62329	17019
26	43155	63530	20375
26	42570	63250	20680
26	43098	63187	20089
26	44811	62169	17358
26	43362	63233	19871
26	43360	63212	19852
26	45056	62299	17243
26	45056	62059	17003
26	43097	63453	20356
26	45080	62179	17099
26	43292	63218	19926
26	44975	62949	17974
26	42879	63284	20405
26	43321	63115	19794
26	45347	62992	17645
26	44688	62143	17455
26	44514	62638	18124
26	44913	62057	17144
26	44950	62313	17363
26	43319	63516	20197
26	43779	63230	19451
27	44506	63173	18667
27	44687	62165	17478
27	43100	63553	20453
27	44390	62665	18275
27	44048	62563	18515
27	43420	63176	19756
27	43216	63216	20000
27	43045	63492	20447
27	44058	62690	18632
27	44543	62671	18128
27	44739	62041	17302
27	44796	62931	18135
27	43412	63289	19877
27	44082	62613	18531
27	43070	63525	20455
27	42708	63252	20544
27	42709	63442	20733
27	43348	63194	19846
27	44608	62959	18351
27	44064	62666	18602
27	45136	62984	17848
27	43605	62590	18985
27	44693	62903	18210
27	43658	62604	18946
27	43070	63219	20149
27	44327	62670	18343
27	44950	62294	17344
27	44028	62667	18639
27	42742	63481	20739
27	44521	62203	17682
27	43799	63521	19722
27	45082	62143	17061
27	43009	63208	20199
27	45448	62280	16832
27	43476	63287	19811
27	44321	63156	18835
27	44777	62963	18186
27	44815	62230	17415
27	43506	63531	20025
27	44780	62102	17322
27	43355	63191	19836
27	43378	63518	20140
27	43388	63557	20169
27	44709	62134	17425
27	43222	63458	20236
27	44801	62991	18190
27	44866	62256	17390
27	42355	63479	21124
27	43241	63533	20292
27	44013	62654	18641
27	43073	63181	20108
27	44233	62672	18439
27	45185	62243	17058
27	44369	63141	18772
27	44451	62134	17683
27	44988	62987	17999
27	43712	63271	19559
27	42431	63453	21022
27	44654	62212	17558
27	42857	63641	20784
27	43294	63538	20244
27	42778	63496	20718
27	43345	63229	19884
27	42741	63430	20689
27	45057	62948	17891
27	44416	63183	18767
27	43212	63218	20006
27	44798	62128	17330
27	43205	63207	20002
27	44304	62892	18588
27	44340	63149	18809
28	42530	63448	20918
28	44591	63009	18418
28	43099	63226	20127
28	44467	63000	18533
28	44396	62317	17921
28	44535	62709	18174
28	44746	62982	18236
28	44149	63155	19006
28	42972	63640	20668
28	42630	63402	20772
28	44767	62117	17350
28	43232	63224	19992
28	44767	63172	18405
28	43159	63445	20286
28	44546	62256	17710
28	42930	63239	20309
28	44522	62248	17726
28	42799	63296	20497
28	43089	63454	20365
28	43050	63486	20436
28	44650	62200	17550
28	42476	63484	21008
28	44389	62244	17855
28	44958	62029	17071
28	43928	62642	18714
28	43373	63310	19937
28	42896	63419	20523
28	43413	63258	19845
28	43942	63148	19206
28	42667	63630	20963
28	44309	62973	18664
28	44426	62174	17748
28	42710	63649	20939
28	44474	62986	18512
28	44271	62973	18702
28	42819	63645	20826
28	44466	62951	18485
28	43251	63313	20062
28	42530	63626	21096
28	44564	63176	18612
28	44416	63146	18730
28	44271	62620	18349
28	42909	63447	20538
28	44584	62991	18407
28	44497	62955	18458
28	44604	62079	17475
28	44748	62979	18231
28	42649	63472	20823
28	44260	62140	17880
28	43025	63634	20609
28	43313	63221	19908
28	43462	63539	20077
28	44276	62638	18362
28	44857	62974	18117
28	43954	63168	19214
28	44790	62201	17411
28	42696	63649	20953
28	43875	62631	18756
28	44731	62193	17462
28	42865	63545	20680
28	42907	63225	20318
28	44393	62769	18376
28	43120	63538	20418
28	43232	63289	20057
28	43080	63287	20207
28	42856	63185	20329
28	43269	63201	19932
28	42517	63405	20888
28	44788	62949	18161
28	43216	63274	20058
28	43451	63217	19766
29	42468	63205	20737
29	43673	62609	18936
29	44388	62276	17888
29	44331	62747	18416
29	42576	63226	20650
29	44220	62957	18737
29	42807	63500	20693
29	43419	63548	20129
29	42581	63652	21071
29	43299	63212	19913
29	42886	63309	20423
29	42675	63463	20788
29	44277	62063	17786
29	44607	62213	17606
29	44530	62994	18464
29	42413	63488	21075
29	42585	63630	21045
29	42680	63485	20805
29	44082	62129	18047
29	42508	63440	20932
29	42762	63278	20516
29	43895	62589	18694
29	43000	63529	20529
29	44123	62126	18003
29	43353	63562	20209
29	44185	62675	18490
29	43148	63217	20069
29	43928	63147	19219
29	44030	62730	18700
29	44326	62983	18657
29	44760	62983	18223
29	43778	62062	18284
29	44743	62119	17376
29	44098	62975	18877
29	42169	63429	21260
29	44836	62199	17363
29	44086	62268	18182
29	44468	62093	17625
29	42713	63459	20746
29	42651	63624	20973
29	42626	63514	20888
29	42637	63414	20777
29	44349	62340	17991
29	44332	62299	17967
29	42690	63500	20810
29	44486	62588	18102
29	43756	62647	18891
29	42720	63656	20936
29	42559	63660	21101
29	44210	62696	18486
29	43244	63552	20308
29	43945	62699	18754
29	43060	63138	20078
29	44120	62316	18196
29	42459	63452	20993
29	42769	63440	20671
29	44528	62319	17791
29	44345	62223	17878
29	42578	63513	20935
29	42825	63520	20695
29	45018	62964	17946
29	42594	63457	20863
29	44476	62969	18493
29	44461	62930	18469
29	42460	63196	20736
29	44502	62181	17679
29	44568	62305	17737
29	43308	63328	20020
29	42805	63486	20681
29	44609	62346	17737
29	42835	63237	20402
30	44180	62703	18523
30	44437	62193	17756
30	43654	62680	19026
30	44565	62997	18432
30	42375	63657	21282
30	42753	63640	20887
30	43488	63535	20047
30	43007	63275	20268
30	42984	63543	20559
30	42558	63516	20958
30	42816	63535	20719
30	44732	62229	17497
30	44111	62590	18479
30	43288	63552	20264
30	43850	62547	18697
30	44068	63149	19081
30	42880	63254	20374
30	42844	63492	20648
30	44578	62939	18361
30	44680	62997	18317
30	42982	63527	20545
30	43080	63631	20551
30	44406	62319	17913
30	44605	62289	17684
30	43035	63259	20224
30	43079	63504	20425
30	43129	63279	20150
30	43744	62654	18910
30	44199	62980	18781
30	43850	62607	18757
30	43279	63555	20276
30	44616	62288	17672
30	43076	63288	20212
30	42582	63465	20883
30	42804	63528	20724
30	44781	62959	18178
30	44225	62171	17946
30	42495	63641	21146
30	44437	62112	17675
30	44202	63174	18972
30	43190	63665	20475
30	43202	63528	20326
30	42527	63644	21117
30	43565	62695	19130
30	42886	63640	20754
30	42772	63326	20554
30	43131	63289	20158
30	42956	63547	20591
30	43501	62795	19294
30	42603	63429	20826
30	42878	63633	20755
30	44067	62753	18686
30	42705	63179	20474
30	42618	63424	20806
30	44476	62957	18481
30	44255	62257	18002
30	42507	63655	21148
30	44461	62207	17746
30	42492	63497	21005
30	44356	62147	17791
30	43901	63172	19271
30	44688	62945	18257
30	43908	62300	18392
30	44525	62982	18457
30	43597	62699	19102
30	43179	63531	20352
30	42604	63321	20717
30	44761	62982	18221
30	43255	63224	19969
30	44125	62153	18028
30	44909	63006	18097
31	42761	63275	20514
31	44118	63011	18893
31	43960	62674	18714
31	43046	63277	20231
31	44070	63023	18953
31	43792	62697	18905
31	42379	63470	21091
31	44326	62681	18355
31	44171	63006	18835
31	42426	63484	21058
31	44597	62349	17752
31	42845	63239	20394
31	42175	63475	21300
31	43367	63564	20197
31	42876	63549	20673
31	43921	62179	18258
31	44154	62288	18134
31	44497	62335	17838
31	42638	63504	20866
31	44623	62978	18355
31	43686	63159	19473
31	44230	63185	18955
31	43013	63286	20273
31	42241	63647	21406
31	43856	62754	18898
31	44171	62965	18794
31	42226	63633	21407
31	42811	63246	20435
31	44883	62342	17459
31	42501	63495	20994
31	42598	63460	20862
31	42615	63660	21045
31	43793	62691	18898
31	44490	62948	18458
31	44944	62302	17358
31	42819	63268	20449
31	42917	63293	20376
31	44152	62928	18776
31	44338	62976	18638
31	43412	62727	19315
31	43004	63561	20557
31	42579	63510	20931
31	42847	63309	20462
31	43771	62280	18509
31	43921	62626	18705
31	43583	62720	19137
31	44236	62984	18748
31	42907	63255	20348
31	43071	63315	20244
31	42714	63269	20555
31	44187	63183	18996
31	44120	62249	18129
31	42846	63297	20451
31	44151	63173	19022
31	42218	63460	21242
31	42775	63263	20488
31	43923	62665	18742
31	44160	63161	19001
31	42612	63640	21028
31	43231	63551	20320
31	43812	62204	18392
31	42988	63541	20553
31	44123	62377	18254
31	42527	63506	20979
31	43210	63524	20314
31	44018	62682	18664
31	42371	63640	21269
31	41815	63452	21637
31	42478	63665	21187
31	43778	62748	18970
31	44492	62402	17910
32	44707	62968	18261
32	43213	62667	19454
32	43852	62667	18815
32	44050	62695	18645
32	43968	62708	18740
32	43894	62416	18522
32	44297	63059	18762
32	42702	63636	20934
32	43859	62691	18832
32	44210	62223	18013
32	42605	63203	20598
32	44749	62304	17555
32	44194	62189	17995
32	44160	62967	18807
32	42745	63262	20517
32	44663	62283	17620
32	42862	63511	20649
32	42374	63291	20917
32	42688	63503	20815
32	44460	62231	17771
32	42398	63489	21091
32	44824	62376	17552
32	43272	63185	19913
32	42424	63473	21049
32	42999	63550	20551
32	44878	63004	18126
32	43418	63555	20137
32	42858	63622	20764
32	43959	62749	18790
32	43995	62950	18955
32	44480	62317	17837
32	42768	63318	20550
32	43427	62635	19208
32	42543	63469	20926
32	44910	62230	17320
32	43986	62597	18611
32	43767	62284	18517
32	42621	63478	20857
32	44470	62272	17802
32	44219	63020	18801
32	42590	63543	20953
32	42140	63498	21358
32	44214	62744	18530
32	42499	63656	21157
32	43760	62661	18901
32	44150	62695	18545
32	43575	63186	19611
32	44269	62634	18365
32	43712	62968	19256
32	44293	62633	18340
32	43890	63167	19277
32	43961	62149	18188
32	42742	63655	20913
32	42801	63489	20688
32	43597	62722	19125
32	44164	62024	17860
32	44157	62279	18122
32	42729	63506	20777
32	42953	63293	20340
32	42544	63453	20909
32	44776	62976	18200
32	44071	62698	18627
32	43107	63221	20114
32	42259	63488	21229
32	42639	63255	20616
32	43663	62663	19000
32	42181	63490	21309
32	43887	63015	19128
32	42653	63511	20858
32	42759	63573	20814
32	44372	62324	17952
33	42265	63495	21230
33	42413	63267	20854
33	44032	63001	18969
33	44818	62329	17511
33	42531	63291	20760
33	44004	62784	18780
33	42950	63492	20542
33	43937	62310	18373
33	42535	63647	21112
33	43788	62984	19196
33	42663	63474	20811
33	44271	62977	18706
33	44592	63005	18413
33	43073	63241	20168
33	43722	62694	18972
33	42700	63245	20545
33	44059	62287	18228
33	42988	63528	20540
33	42434	63558	21124
33	43477	63206	19729
33	42579	63460	20881
33	44943	62976	18033
33	42542	63557	21015
33	42544	63506	20962
33	44031	62404	18373
33	42626	63656	21030
33	43868	62755	18887
33	44006	63006	19000
33	43700	62797	19097
33	43435	63171	19736
33	43896	62228	18332
33	42167	63494	21327
33	42869	63503	20634
33	44266	63023	18757
33	44249	62987	18738
33	42264	63648	21384
33	42245	63486	21241
33	42310	63651	21341
33	43931	62161	18230
33	43157	63550	20393
33	43834	62717	18883
33	44359	62965	18606
33	42374	63505	21131
33	44967	62967	18000
33	44401	62963	18562
33	42315	63498	21183
33	44270	62760	18490
33	43013	63563	20550
33	43745	63181	19436
33	44509	62991	18482
33	43532	62739	19207
33	44088	63174	19086
33	42664	63569	20905
33	44476	62313	17837
33	43895	62742	18847
33	43038	63573	20535
33	42205	63489	21284
33	44398	62246	17848
33	42516	63273	20757
33	43850	62994	19144
33	44223	62341	18118
33	44205	62941	18736
33	43867	63166	19299
33	44194	62294	18100
33	42179	63501	21322
33	44159	62999	18840
33	42536	63481	20945
33	43776	62773	18997
33	42337	63650	21313
33	43968	62362	18394
33	44110	62773	18663
34	42318	63503	21185
34	44128	63026	18898
34	42284	63490	21206
34	42143	63484	21341
34	43483	63165	19682
34	42626	63541	20915
34	44019	62245	18226
34	43914	63207	19293
34	44561	63006	18445
34	43676	62726	19050
34	44388	62281	17893
34	43269	62638	19369
34	43825	62402	18577
34	43983	63179	19196
34	43563	63011	19448
34	42620	63638	21018
34	43696	63164	19468
34	44156	62364	18208
34	42878	63558	20680
34	43490	62650	19160
34	42219	63488	21269
34	43347	63564	20217
34	42647	63648	21001
34	42212	63671	21459
34	43482	62652	19170
34	43445	62676	19231
34	43566	62691	19125
34	43415	63570	20155
34	42541	63555	21014
34	43398	62657	19259
34	43447	63205	19758
34	42429	63664	21235
34	44499	62298	17799
34	42375	63652	21277
34	43940	63174	19234
34	42638	63562	20924
34	42535	63310	20775
34	43039	63564	20525
34	42376	63555	21179
34	43650	62670	19020
34	44410	62373	17963
34	44422	62262	17840
34	42730	63325	20595
34	43987	62718	18731
34	43945	62281	18336
34	44148	63165	19017
34	43607	63181	19574
34	43752	63152	19400
34	42456	63561	21105
34	43572	62684	19112
34	42489	63228	20739
34	44372	62972	18600
34	44387	63016	18629
34	44472	62965	18493
34	43817	62801	18984
34	42319	63674	21355
34	44332	62178	17846
34	41960	63656	21696
34	42796	63549	20753
34	42284	63280	20996
34	44221	62211	17990
34	42537	63191	20654
34	42765	63264	20499
34	42104	63663	21559
34	42284	63465	21181
34	43543	63191	19648
34	42303	63511	21208
34	43269	62707	19438
34	42397	63669	21272
34	42398	63364	20966
34	43615	62692	19077
35	43698	63164	19466
35	44003	62976	18973
35	42704	63567	20863
35	44268	62409	18141
35	43468	62685	19217
35	42522	63243	20721
35	43960	63004	19044
35	43634	62778	19144
35	43937	63184	19247
35	43731	63005	19274
35	43719	62733	19014
35	42291	63525	21234
35	43619	63194	19575
35	42236	63661	21425
35	43191	62719	19528
35	42671	63569	20898
35	44309	63020	18711
35	43452	63184	19732
35	42612	63576	20964
35	42075	63472	21397
35	42962	62636	19674
35	42456	63327	20871
35	43168	63171	20003
35	42752	63554	20802
35	42381	63653	21272
35	44112	63000	18888
35	44216	63032	18816
35	43353	63182	19829
35	44045	63002	18957
35	42774	63563	20789
35	43708	62726	19018
35	42107	63654	21547
35	43977	62289	18312
35	44110	63003	18893
35	42174	63674	21500
35	42461	63548	21087
35	42495	63657	21162
35	42378	63327	20949
35	44162	62318	18156
35	42619	63532	20913
35	42403	63537	21134
35	43536	62727	19191
35	44052	63003	18951
35	43112	63542	20430
35	44307	63012	18705
35	43834	63029	19195
35	43413	63204	19791
35	42471	63545	21074
35	43918	63170	19252
35	44066	63006	18940
35	43653	62718	19065
35	43880	63018	19138
35	43877	62723	18846
35	44125	63014	18889
35	43446	63200	19754
35	43340	63208	19868
35	42298	63487	21189
35	42563	63547	20984
35	44414	62279	17865
35	43396	62687	19291
35	43882	62338	18456
35	43765	63192	19427
35	42651	63554	20903
35	42861	63221	20360
35	43519	62669	19150
35	43492	63206	19714
35	44139	62993	18854
35	42654	63540	20886
35	42404	63646	21242
35	43772	62345	18573
35	44137	62995	18858
36	42591	63541	20950
36	43908	62294	18386
36	43521	62322	18801
36	43708	63192	19484
36	41847	63658	21811
36	42369	63653	21284
36	42878	63326	20448
36	43894	62347	18453
36	43905	63015	19110
36	43488	63196	19708
36	43691	62737	19046
36	43734	62277	18543
36	44023	62996	18973
36	42196	63656	21460
36	43487	63185	19698
36	42862	63572	20710
36	44152	62966	18814
36	42556	63302	20746
36	42305	63562	21257
36	43803	63188	19385
36	42257	63308	21051
36	43586	63003	19417
36	43390	63208	19818
36	42491	63566	21075
36	42590	63325	20735
36	44733	63016	18283
36	43071	62663	19592
36	43911	63196	19285
36	42236	63670	21434
36	44095	62980	18885
36	43410	63181	19771
36	42270	63559	21289
36	44324	62361	18037
36	43407	62716	19309
36	44007	63003	18996
36	43846	63214	19368
36	43432	63019	19587
36	43505	62722	19217
36	43140	63167	20027
36	44020	63135	19115
36	44412	63184	18772
36	44007	63001	18994
36	44279	63004	18725
36	42459	63667	21208
36	43637	62192	18555
36	43935	63001	19066
36	42831	63569	20738
36	43933	62430	18497
36	43666	62729	19063
36	42626	63522	20896
36	43705	62663	18958
36	42269	63664	21395
36	43335	62787	19452
36	43419	62729	19310
36	43442	62253	18811
36	42518	63545	21027
36	42390	63211	20821
36	43445	62412	18967
36	42555	63547	20992
36	43141	62740	19599
36	43783	63020	19237
36	43908	62996	19088
36	41976	63465	21489
36	42536	63287	20751
36	42796	63656	20860
36	44345	63214	18869
36	42412	63661	21249
36	42407	63647	21240
36	43789	62772	18983
36	43475	62715	19240
36	43960	63025	19065
37	42316	63447	21131
37	43343	63203	19860
37	42834	63543	20709
37	43706	62787	19081
37	43866	62347	18481
37	43039	62764	19725
37	43796	62376	18580
37	43566	63202	19636
37	43624	62402	18778
37	42350	63514	21164
37	41914	63530	21616
37	43407	63199	19792
37	41945	63525	21580
37	43921	62995	19074
37	42300	63548	21248
37	43399	63175	19776
37	43996	62995	18999
37	42178	63679	21501
37	42629	63540	20911
37	43943	63018	19075
37	42695	63560	20865
37	42305	63654	21349
37	42649	63546	20897
37	42005	63503	21498
37	42216	63484	21268
37	43428	63173	19745
37	43376	63228	19852
37	44406	63016	18610
37	44228	62335	18107
37	43551	63194	19643
37	42170	63266	21096
37	44201	63007	18806
37	43437	62740	19303
37	41946	63498	21552
37	42248	63510	21262
37	43406	62333	18927
37	43357	63216	19859
37	42387	63297	20910
37	41972	63663	21691
37	43522	62723	19201
37	42324	63657	21333
37	42112	63320	21208
37	41823	63648	21825
37	43531	62680	19149
37	42243	63661	21418
37	43946	62989	19043
37	42662	63584	20922
37	42291	63508	21217
37	43315	62774	19459
37	43691	62317	18626
37	41844	63477	21633
37	43320	62771	19451
37	43668	62373	18705
37	43309	63184	19875
37	43341	62747	19406
37	43624	62679	19055
37	42395	63323	20928
37	42071	63492	21421
37	42223	63278	21055
37	43787	62820	19033
37	44118	62367	18249
37	41970	63659	21689
37	42461	63586	21125
37	43509	63198	19689
37	43585	63211	19626
37	42608	63551	20943
37	43859	63006	19147
37	42252	63506	21254
37	42474	63503	21029
37	43088	63223	20135
37	43640	63184	19544
38	42356	63576	21220
38	41706	63504	21798
38	42403	63566	21163
38	43501	63185	19684
38	41851	63427	21576
38	43525	62748	19223
38	43651	62434	18783
38	43260	63197	19937
38	42529	63334	20805
38	44040	62995	18955
38	42530	63561	21031
38	42361	63320	20959
38	42126	63577	21451
38	42025	63342	21317
38	43270	62739	19469
38	42379	63573	21194
38	42080	63319	21239
38	42034	63650	21616
38	43749	63029	19280
38	43007	63209	20202
38	42056	63530	21474
38	43790	62408	18618
38	42008	63491	21483
38	42023	63652	21629
38	43598	62814	19216
38	43887	62271	18384
38	42567	63574	21007
38	42068	63673	21605
38	43506	63209	19703
38	41841	63665	21824
38	43817	63195	19378
38	42893	63223	20330
38	42195	63676	21481
38	41940	63500	21560
38	42063	63509	21446
38	43153	63590	20437
38	42572	63559	20987
38	43489	63200	19711
38	42008	63657	21649
38	42556	63355	20799
38	42106	63655	21549
38	42521	63572	21051
38	43313	62374	19061
38	42317	63495	21178
38	41970	63671	21701
38	42203	63527	21324
38	43445	63197	19752
38	43875	62471	18596
38	41790	63514	21724
38	42465	63543	21078
38	42562	63570	21008
38	42549	63565	21016
38	42249	63346	21097
38	43879	63216	19337
38	42339	63334	20995
38	43208	62668	19460
38	42301	63667	21366
38	43278	62731	19453
38	41818	63659	21841
38	43470	62797	19327
38	42526	63563	21037
38	43634	63213	19579
38	44365	63019	18654
38	42341	63667	21326
38	42097	63516	21419
38	42223	63256	21033
38	42050	63665	21615
38	42345	63568	21223
38	43693	63001	19308
38	43646	63201	19555
38	42496	63585	21089
39	42276	63592	21316
39	43631	62229	18598
39	43804	63056	19252
39	43761	63027	19266
39	42653	63579	20926
39	43545	63210	19665
39	42647	63511	20864
39	41945	63497	21552
39	42665	63294	20629
39	43504	63020	19516
39	42012	63560	21548
39	41877	63557	21680
39	43422	63192	19770
39	42259	63513	21254
39	43484	63215	19731
39	42598	63315	20717
39	41866	63672	21806
39	43405	62662	19257
39	42160	63494	21334
39	43301	63203	19902
39	42270	63322	21052
39	44048	63036	18988
39	41840	63508	21668
39	42151	63576	21425
39	43415	62779	19364
39	42455	63569	21114
39	41919	63279	21360
39	43949	62393	18444
39	42884	63578	20694
39	43837	62333	18496
39	42058	63538	21480
39	42639	63574	20935
39	43213	63195	19982
39	41919	63662	21743
39	42141	63533	21392
39	42335	63580	21245
39	43104	62750	19646
39	42260	63651	21391
39	43480	62241	18761
39	43682	63204	19522
39	42108	63530	21422
39	42515	63594	21079
39	43362	62703	19341
39	43784	63191	19407
39	43227	63164	19937
39	42053	63321	21268
39	42482	63505	21023
39	43293	63222	19929
39	43724	63191	19467
39	42129	63511	21382
39	42250	63268	21018
39	42958	63192	20234
39	41822	63655	21833
39	42228	63350	21122
39	43591	63201	19610
39	43852	62275	18423
39	42359	63655	21296
39	43912	63010	19098
39	41971	63532	21561
39	43547	63047	19500
39	42116	63661	21545
39	42139	63479	21340
39	41786	63512	21726
39	43190	62766	19576
39	42036	63670	21634
39	43684	62210	18526
39	43460	62711	19251
39	42173	63584	21411
39	42162	63342	21180
39	43192	62790	19598
39	43515	63187	19672
40	42193	63363	21170
40	43269	63225	19956
40	43676	63000	19324
40	43489	63026	19537
40	41947	63656	21709
40	41791	63673	21882
40	42305	63586	21281
40	42688	63335	20647
40	43928	62993	19065
40	41941	63673	21732
40	43333	63215	19882
40	42364	63265	20901
40	43019	63197	20178
40	43217	62769	19552
40	43368	63203	19835
40	42002	63542	21540
40	42457	63574	21117
40	42022	63572	21550
40	42504	63668	21164
40	42194	63655	21461
40	42467	63561	21094
40	42195	63675	21480
40	43144	63218	20074
40	43521	62393	18872
40	42469	63351	20882
40	43517	63233	19716
40	42065	63501	21436
40	43380	63226	19846
40	42006	63481	21475
40	43645	63020	19375
40	41770	63517	21747
40	42339	63659	21320
40	43107	62714	19607
40	41770	63532	21762
40	42127	63524	21397
40	43259	63220	19961
40	43348	63209	19861
40	42265	63370	21105
40	41934	63657	21723
40	41765	63672	21907
40	43637	62416	18779
40	44140	63008	18868
40	43796	62199	18403
40	41757	63477	21720
40	42450	63315	20865
40	43430	63048	19618
40	43475	63014	19539
40	42362	63504	21142
40	44038	63035	18997
40	43576	62377	18801
40	42192	63545	21353
40	42079	63652	21573
40	41926	63670	21744
40	42113	63557	21444
40	42174	63667	21493
40	43239	62286	19047
40	43134	63031	19897
40	41918	63660	21742
40	43719	62995	19276
40	43239	63192	19953
40	43529	63199	19670
40	42913	63207	20294
40	43598	63034	19436
40	41812	63663	21851
40	43950	63020	19070
40	42115	63498	21383
40	43043	63222	20179
40	42406	63542	21136
40	41971	63525	21554
40	43669	63045	19376
40	43528	62419	18891
41	41514	63534	22020
41	42094	63302	21208
41	42238	63677	21439
41	41857	63678	21821
41	41907	63675	21768
41	43326	62392	19066
41	42071	63684	21613
41	42329	63518	21189
41	41973	63655	21682
41	42491	63578	21087
41	42041	63649	21608
41	42258	63585	21327
41	41652	63525	21873
41	41926	63518	21592
41	42022	63658	21636
41	42316	63531	21215
41	43059	62773	19714
41	43119	62432	19313
41	42289	63295	21006
41	41813	63335	21522
41	43848	63042	19194
41	42257	63573	21316
41	43608	63045	19437
41	42530	63336	20806
41	42175	63676	21501
41	41706	63666	21960
41	41753	63664	21911
41	41759	63683	21924
41	43200	63193	19993
41	43047	63201	20154
41	42303	63679	21376
41	41702	63671	21969
41	42009	63576	21567
41	41908	63504	21596
41	42905	62766	19861
41	42002	63494	21492
41	42081	63518	21437
41	42523	63550	21027
41	41759	63656	21897
41	42310	63572	21262
41	42124	63653	21529
41	42267	63293	21026
41	43227	63205	19978
41	43868	62979	19111
41	41644	63461	21817
41	42089	63580	21491
41	41820	63668	21848
41	43406	63210	19804
41	43597	63053	19456
41	42381	63301	20920
41	42101	63592	21491
41	43778	63196	19418
41	41625	63527	21902
41	42437	63328	20891
41	41725	63660	21935
41	41843	63664	21821
41	43282	62308	19026
41	42387	63334	20947
41	42265	63667	21402
41	41897	63668	21771
41	41936	63671	21735
41	41793	63531	21738
41	43134	62774	19640
41	42494	63256	20762
41	42068	63671	21603
41	43112	62727	19615
41	43592	63055	19463
41	41964	63539	21575
41	41812	63505	21693
41	44071	63013	18942
41	42367	63283	20916
42	43197	63212	20015
42	42194	63587	21393
42	41397	63680	22283
42	42223	63683	21460
42	41793	63319	21526
42	41933	63671	21738
42	42938	63209	20271
42	43287	62757	19470
42	41986	63681	21695
42	43151	63232	20081
42	42214	63568	21354
42	43024	63240	20216
42	42511	63558	21047
42	41745	63670	21925
42	41793	63674	21881
42	42168	63673	21505
42	43420	63015	19595
42	42725	63180	20455
42	42922	62773	19851
42	43069	63207	20138
42	43151	62767	19616
42	42110	63544	21434
42	41852	63677	21825
42	42013	63670	21657
42	42049	63663	21614
42	43326	63192	19866
42	42179	63571	21392
42	41818	63677	21859
42	41834	63675	21841
42	41766	63689	21923
42	43120	63208	20088
42	41866	63664	21798
42	41933	63679	21746
42	42011	63588	21577
42	43712	63034	19322
42	42336	63588	21252
42	41933	63501	21568
42	42219	63298	21079
42	41723	63522	21799
42	43194	63189	19995
42	43185	63225	20040
42	43037	63202	20165
42	41781	63530	21749
42	41954	63653	21699
42	43257	63215	19958
42	43466	62250	18784
42	42731	63212	20481
42	43180	63032	19852
42	41696	63493	21797
42	43009	62717	19708
42	42287	63553	21266
42	43105	63215	20110
42	42152	63572	21420
42	42136	63662	21526
42	42314	63580	21266
42	41909	63676	21767
42	43345	63207	19862
42	43234	62753	19519
42	42041	63309	21268
42	42336	63571	21235
42	42469	63335	20866
42	43288	62801	19513
42	42468	63564	21096
42	42066	63674	21608
42	41850	63682	21832
42	42179	63672	21493
42	43552	63035	19483
42	42487	63559	21072
42	41906	63525	21619
42	43034	63210	20176
42	42145	63669	21524
43	43141	62815	19674
43	43032	63223	20191
43	43127	63205	20078
43	42500	63505	21005
43	43173	62817	19644
43	42704	62741	20037
43	43709	63061	19352
43	41703	63678	21975
43	41850	63551	21701
43	42400	63587	21187
43	43466	63187	19721
43	41665	63651	21986
43	43071	63236	20165
43	43188	63203	20015
43	42949	62773	19824
43	43287	62720	19433
43	43278	63044	19766
43	41630	63515	21885
43	41982	63578	21596
43	41858	63677	21819
43	42024	63351	21327
43	42686	63196	20510
43	42164	63683	21519
43	43032	62827	19795
43	42114	63574	21460
43	42428	63586	21158
43	41977	63658	21681
43	41959	63491	21532
43	42982	63229	20247
43	42246	63317	21071
43	42034	63312	21278
43	43066	63215	20149
43	42055	63361	21306
43	43153	62776	19623
43	42779	63211	20432
43	43383	63000	19617
43	41739	63678	21939
43	41778	63664	21886
43	43337	63051	19714
43	42024	63329	21305
43	43012	62753	19741
43	41688	63657	21969
43	41896	63664	21768
43	43411	63057	19646
43	43085	63207	20122
43	43598	62486	18888
43	42740	63220	20480
43	42154	63682	21528
43	41843	63663	21820
43	42221	63565	21344
43	41982	63513	21531
43	42063	63668	21605
43	43590	62398	18808
43	41990	63506	21516
43	42686	62801	20115
43	43468	63048	19580
43	43003	62816	19813
43	42271	63584	21313
43	43314	63045	19731
43	41683	63546	21863
43	43193	62742	19549
43	41827	63539	21712
43	43385	63018	19633
43	41855	63541	21686
43	42028	63586	21558
43	43392	63042	19650
43	42987	63204	20217
43	41735	63663	21928
43	42385	63573	21188
43	42704	62751	20047
43	43000	63222	20222
44	43215	63195	19980
44	41496	63526	22030
44	41785	63541	21756
44	41861	63669	21808
44	43050	63218	20168
44	42902	62844	19942
44	42166	63574	21408
44	42302	63564	21262
44	43303	63241	19938
44	41616	63544	21928
44	43237	63035	19798
44	41599	63662	22063
44	42142	63328	21186
44	42136	63563	21427
44	41859	63657	21798
44	42456	63577	21121
44	41851	63541	21690
44	41776	63592	21816
44	41816	63540	21724
44	41963	63539	21576
44	42117	63325	21208
44	43210	62424	19214
44	42793	62826	20033
44	42052	63667	21615
44	43172	62765	19593
44	42869	62762	19893
44	41677	63659	21982
44	42374	63561	21187
44	41741	63668	21927
44	42064	63673	21609
44	43136	62828	19692
44	41628	63672	22044
44	41758	63654	21896
44	42168	63579	21411
44	42031	63518	21487
44	41612	63518	21906
44	43304	62792	19488
44	41806	63667	21861
44	43645	63006	19361
44	42894	62788	19894
44	41949	63537	21588
44	43130	63029	19899
44	41636	63520	21884
44	43066	63218	20152
44	41771	63653	21882
44	42244	63680	21436
44	43254	63228	19974
44	43165	62772	19607
44	43504	63029	19525
44	41832	63593	21761
44	41720	63685	21965
44	42976	63240	20264
44	41591	63662	22071
44	42142	63363	21221
44	41923	63675	21752
44	43032	63221	20189
44	42937	63062	20125
44	43455	63039	19584
44	42276	63576	21300
44	42108	63581	21473
44	41903	63347	21444
44	43225	62822	19597
44	41839	63668	21829
44	43105	63016	19911
44	41799	63515	21716
44	42861	62744	19883
44	42662	63583	20921
44	43231	63209	19978
44	41996	63348	21352
44	41639	63660	22021
44	43100	62788	19688
45	42072	63589	21517
45	43308	63056	19748
45	41953	63679	21726
45	42926	63209	20283
45	41990	63367	21377
45	42111	63356	21245
45	41798	63533	21735
45	42788	63204	20416
45	43204	62449	19245
45	41865	63522	21657
45	41478	63541	22063
45	41624	63666	22042
45	41561	63518	21957
45	42114	63325	21211
45	41855	63527	21672
45	41560	63502	21942
45	41695	63683	21988
45	42709	63225	20516
45	41746	63528	21782
45	42808	63240	20432
45	41803	63674	21871
45	42049	63584	21535
45	42097	63570	21473
45	42101	63590	21489
45	41790	63666	21876
45	41772	63545	21773
45	41572	63516	21944
45	41598	63543	21945
45	43885	63032	19147
45	41678	63667	21989
45	42770	63230	20460
45	41893	63342	21449
45	41788	63339	21551
45	41554	63554	22000
45	43033	63222	20189
45	41436	63670	22234
45	41691	63684	21993
45	42007	63562	21555
45	43092	63226	20134
45	41715	63679	21964
45	42176	63579	21403
45	42947	62809	19862
45	42724	63231	20507
45	41520	63521	22001
45	42252	63328	21076
45	42188	63576	21388
45	41673	63682	22009
45	41587	63535	21948
45	42130	63590	21460
45	42089	63588	21499
45	43435	63034	19599
45	43092	63216	20124
45	42979	63212	20233
45	42093	63355	21262
45	41729	63654	21925
45	41773	63673	21900
45	42898	63233	20335
45	41602	63519	21917
45	41658	63538	21880
45	43016	63216	20200
45	41899	63372	21473
45	43331	62370	19039
45	41987	63317	21330
45	41900	63521	21621
45	43509	62481	18972
45	41978	63589	21611
45	43221	63029	19808
45	43549	62369	18820
45	42790	62775	19985
45	41554	63537	21983
45	41689	63662	21973
46	42214	63380	21166
46	41847	63675	21828
46	41355	63688	22333
46	42051	63573	21522
46	43202	63231	20029
46	41941	63572	21631
46	43026	63225	20199
46	43283	63076	19793
46	42746	63212	20466
46	41779	63665	21886
46	42888	63233	20345
46	42913	63198	20285
46	42212	63576	21364
46	41586	63533	21947
46	42927	63227	20300
46	41648	63535	21887
46	41360	63527	22167
46	42848	63204	20356
46	41560	63678	22118
46	41745	63683	21938
46	42707	62676	19969
46	42233	63568	21335
46	42899	62805	19906
46	41943	63569	21626
46	43070	63232	20162
46	42960	63229	20269
46	42009	63379	21370
46	42084	63577	21493
46	43474	63051	19577
46	41757	63544	21787
46	43093	63216	20123
46	41781	63667	21886
46	41839	63673	21834
46	43522	63025	19503
46	43006	62785	19779
46	42206	63381	21175
46	41945	63681	21736
46	41666	63685	22019
46	42953	63239	20286
46	43121	63229	20108
46	41840	63667	21827
46	41728	63668	21940
46	41836	63667	21831
46	41572	63673	22101
46	41697	63660	21963
46	42808	63229	20421
46	41711	63677	21966
46	41468	63534	22066
46	41779	63576	21797
46	41606	63681	22075
46	41951	63572	21621
46	41703	63519	21816
46	43560	63055	19495
46	41839	63681	21842
46	43235	62399	19164
46	41794	63678	21884
46	41617	63683	22066
46	41895	63677	21782
46	42778	62790	20012
46	42776	63226	20450
46	41751	63674	21923
46	41576	63512	21936
46	42908	62755	19847
46	42165	63574	21409
46	43162	62797	19635
46	42188	63581	21393
46	42117	63585	21468
46	41895	63342	21447
46	43036	63214	20178
46	41975	63586	21611
46	41732	63682	21950
47	41568	63534	21966
47	41658	63676	22018
47	43623	63054	19431
47	41449	63541	22092
47	41815	63519	21704
47	41936	63683	21747
47	42101	63348	21247
47	41981	63368	21387
47	41614	63532	21918
47	42827	63207	20380
47	41859	63672	21813
47	41787	63555	21768
47	41870	63534	21664
47	43531	63052	19521
47	41757	63676	21919
47	43304	63041	19737
47	43005	63062	20057
47	41462	63557	22095
47	41834	63588	21754
47	41478	63679	22201
47	41677	63589	21912
47	41417	63671	22254
47	41703	63682	21979
47	41864	63683	21819
47	41351	63680	22329
47	41478	63526	22048
47	41515	63672	22157
47	43004	63229	20225
47	41460	63553	22093
47	41793	63531	21738
47	41757	63507	21750
47	41974	63562	21588
47	43109	62747	19638
47	42179	63581	21402
47	41852	63677	21825
47	42086	63590	21504
47	41801	63536	21735
47	41679	63677	21998
47	42451	63583	21132
47	43208	63078	19870
47	43359	63044	19685
47	41685	63538	21853
47	42859	63220	20361
47	41486	63518	22032
47	41858	63560	21702
47	43283	63062	19779
47	41545	63655	22110
47	41628	63558	21930
47	43223	63035	19812
47	41588	63686	22098
47	43076	63237	20161
47	41493	63679	22186
47	41859	63575	21716
47	42662	63211	20549
47	41831	63583	21752
47	41673	63677	22004
47	42838	62818	19980
47	42720	62840	20120
47	41539	63531	21992
47	41904	63584	21680
47	41716	63668	21952
47	43171	63216	20045
47	41736	63589	21853
47	41790	63681	21891
47	42983	63228	20245
47	41676	63681	22005
47	41637	63683	22046
47	41765	63557	21792
47	42176	63565	21389
47	41537	63531	21994
47	41765	63681	21916
48	42758	63229	20471
48	41345	63691	22346
48	41528	63682	22154
48	41856	63670	21814
48	41611	63682	22071
48	42734	62808	20074
48	41749	63684	21935
48	41476	63549	22073
48	42699	63228	20529
48	41367	63548	22181
48	41605	63679	22074
48	42117	63363	21246
48	41698	63675	21977
48	42999	63247	20248
48	41559	63680	22121
48	42928	63210	20282
48	43167	63049	19882
48	43176	63064	19888
48	41703	63674	21971
48	41420	63684	22264
48	41608	63683	22075
48	42914	63218	20304
48	41693	63357	21664
48	42585	62790	20205
48	41799	63352	21553
48	41482	63675	22193
48	41975	63565	21590
48	41508	63679	22171
48	41985	63587	21602
48	41722	63671	21949
48	41580	63679	22099
48	43292	62476	19184
48	41488	63690	22202
48	43392	62497	19105
48	41994	63370	21376
48	41715	63591	21876
48	41439	63502	22063
48	42172	63566	21394
48	41440	63546	22106
48	41742	63587	21845
48	41289	63676	22387
48	41394	63671	22277
48	43375	63029	19654
48	42735	62836	20101
48	41671	63675	22004
48	42738	62819	20081
48	41667	63560	21893
48	41819	63593	21774
48	41618	63549	21931
48	41884	63325	21441
48	41675	63687	22012
48	41626	63562	21936
48	43158	63233	20075
48	41658	63690	22032
48	43119	63232	20113
48	41420	63547	22127
48	42388	62792	20404
48	41691	63666	21975
48	41688	63533	21845
48	41634	63508	21874
48	41992	63500	21508
48	41609	63671	22062
48	41468	63680	22212
48	41663	63661	21998
48	42052	63586	21534
48	41449	63664	22215
48	43206	62479	19273
48	41408	63524	22116
48	42054	63587	21533
48	42155	63569	21414
48	41723	63368	21645
49	41914	63688	21774
49	41790	63353	21563
49	42540	63237	20697
49	41398	63675	22277
49	43264	63059	19795
49	41795	63572	21777
49	42500	63228	20728
49	41963	63588	21625
49	41293	63675	22382
49	41524	63523	21999
49	41353	63531	22178
49	41857	63572	21715
49	42800	63227	20427
49	41578	63678	22100
49	41534	63690	22156
49	42907	62422	19515
49	43315	63065	19750
49	41774	63585	21811
49	41466	63685	22219
49	41542	63655	22113
49	41521	63680	22159
49	41635	63585	21950
49	43296	63048	19752
49	41546	63540	21994
49	41594	63676	22082
49	41383	63670	22287
49	41556	63547	21991
49	41432	63675	22243
49	41562	63680	22118
49	41587	63536	21949
49	41811	63594	21783
49	43245	62523	19278
49	41549	63686	22137
49	42754	63205	20451
49	41561	63558	21997
49	42743	63240	20497
49	41904	63345	21441
49	41430	63661	22231
49	41702	63683	21981
49	42754	63228	20474
49	41830	63366	21536
49	42560	63239	20679
49	41638	63360	21722
49	41559	63680	22121
49	42740	63232	20492
49	42938	63217	20279
49	41427	63665	22238
49	41714	63551	21837
49	41849	63596	21747
49	41793	63347	21554
49	41591	63357	21766
49	41731	63553	21822
49	41448	63545	22097
49	41399	63687	22288
49	41598	63580	21982
49	41826	63390	21564
49	41731	63576	21845
49	41545	63683	22138
49	41613	63353	21740
49	41360	63677	22317
49	42460	62828	20368
49	41732	63669	21937
49	41361	63664	22303
49	41680	63680	22000
49	43393	63017	19624
49	43257	63051	19794
49	42692	63239	20547
49	41612	63675	22063
49	41432	63546	22114
49	42913	63231	20318
49	43095	62498	19403
50	42521	62812	20291
50	41696	63582	21886
50	41531	63676	22145
50	41989	63384	21395
50	41682	63596	21914
50	41484	63687	22203
50	42572	62848	20276
50	42675	63238	20563
50	41752	63590	21838
50	41545	63537	21992
50	41775	63597	21822
50	42395	62808	20413
50	42533	63226	20693
50	43333	63041	19708
50	41331	63547	22216
50	41891	63356	21465
50	41553	63552	21999
50	42475	63237	20762
50	41444	63687	22243
50	41313	63563	22250
50	41435	63673	22238
50	42498	63218	20720
50	41879	63667	21788
50	41512	63531	22019
50	41556	63685	22129
50	41741	63574	21833
50	41512	63548	22036
50	41446	63675	22229
50	41565	63573	22008
50	41478	63677	22199
50	42925	63047	20122
50	41769	63661	21892
50	43209	63085	19876
50	43014	62452	19438
50	42939	63234	20295
50	41514	63679	22165
50	41270	63547	22277
50	41786	63586	21800
50	41780	63340	21560
50	41826	63576	21750
50	41502	63670	22168
50	41709	63674	21965
50	42868	63215	20347
50	42570	63227	20657
50	42938	63214	20276
50	43062	63043	19981
50	41657	63686	22029
50	41805	63572	21767
50	41758	63680	21922
50	42683	62807	20124
50	41721	63393	21672
50	42760	63244	20484
50	42901	63237	20336
50	41663	63682	22019
50	41701	63677	21976
50	41884	63591	21707
50	41905	63599	21694
50	43115	63054	19939
50	41366	63530	22164
50	43260	62489	19229
50	41689	63574	21885
50	43111	63076	19965
50	41820	63597	21777
50	41662	63689	22027
50	43218	63027	19809
50	41583	63684	22101
50	41430	63545	22115
50	41449	63539	22090
50	41396	63541	22145
50	41835	63578	21743
50	41414	63527	22113
51	41975	63593	21618
51	41467	63558	22091
51	41350	63548	22198
51	41332	63683	22351
51	41537	63682	22145
51	43020	62569	19549
51	41574	63344	21770
51	41811	63597	21786
51	41718	63589	21871
51	42961	63058	20097
51	41597	63587	21990
51	42333	63595	21262
51	41461	63340	21879
51	41302	63692	22390
51	43032	62522	19490
51	42454	62818	20364
51	42929	62829	19900
51	41334	63526	22192
51	43269	62490	19221
51	41790	63684	21894
51	42713	62814	20101
51	41585	63565	21980
51	41960	63581	21621
51	42448	62819	20371
51	42888	62795	19907
51	41371	63568	22197
51	42007	63372	21365
51	42766	63221	20455
51	41536	63670	22134
51	42679	62819	20140
51	42399	63241	20842
51	42928	63080	20152
51	42613	63238	20625
51	41568	63587	22019
51	41988	63580	21592
51	41485	63680	22195
51	42627	63249	20622
51	41772	63669	21897
51	42040	63565	21525
51	41766	63578	21812
51	41513	63673	22160
51	42956	62441	19485
51	41392	63543	22151
51	41808	63348	21540
51	41589	63562	21973
51	41724	63382	21658
51	41573	63677	22104
51	41534	63680	22146
51	41685	63589	21904
51	41802	63602	21800
51	41577	63535	21958
51	43235	63060	19825
51	42712	63239	20527
51	42956	63062	20106
51	41793	63588	21795
51	41704	63666	21962
51	42497	63216	20719
51	41695	63365	21670
51	42599	62852	20253
51	41815	63591	21776
51	41339	63692	22353
51	41205	63672	22467
51	41624	63685	22061
51	42878	62511	19633
51	41783	63394	21611
51	42885	63049	20164
51	42638	63221	20583
51	42998	62428	19430
51	42917	63039	20122
51	41358	63669	22311
51	41633	63681	22048
52	42572	62845	20273
52	41306	63690	22384
52	41516	63608	22092
52	41397	63555	22158
52	41373	63555	22182
52	41547	63329	21782
52	41537	63683	22146
52	42587	63218	20631
52	41275	63539	22264
52	42460	63231	20771
52	42688	63236	20548
52	41432	63678	22246
52	41495	63584	22089
52	41522	63672	22150
52	42499	63235	20736
52	41753	63598	21845
52	41584	63349	21765
52	42496	63247	20751
52	41232	63532	22300
52	41460	63670	22210
52	41763	63589	21826
52	41662	63689	22027
52	41568	63674	22106
52	41643	63690	22047
52	41637	63688	22051
52	41518	63687	22169
52	41370	63549	22179
52	41307	63677	22370
52	41403	63673	22270
52	41784	63605	21821
52	42705	63243	20538
52	41456	63684	22228
52	41485	63669	22184
52	42637	63240	20603
52	42679	63228	20549
52	41557	63531	21974
52	41396	63335	21939
52	41535	63680	22145
52	41173	63537	22364
52	42688	63248	20560
52	41387	63670	22283
52	41655	63682	22027
52	41518	63594	22076
52	41605	63334	21729
52	41387	63687	22300
52	41646	63381	21735
52	41422	63680	22258
52	41469	63668	22199
52	42747	63237	20490
52	41670	63594	21924
52	42451	62837	20386
52	42625	63216	20591
52	42559	62821	20262
52	41418	63682	22264
52	43043	63239	20196
52	42940	62438	19498
52	42714	63227	20513
52	42959	63241	20282
52	41563	63354	21791
52	42589	63239	20650
52	42536	63243	20707
52	42777	63238	20461
52	41459	63554	22095
52	43066	63091	20025
52	41255	63555	22300
52	41505	63692	22187
52	42128	63604	21476
52	41632	63686	22054
52	41729	63600	21871
52	41539	63567	22028
52	41647	63383	21736
53	42466	63240	20774
53	41369	63675	22306
53	42481	62857	20376
53	42943	63242	20299
53	41672	63598	21926
53	42479	63234	20755
53	41606	63577	21971
53	42556	63239	20683
53	43075	63077	20002
53	41630	63694	22064
53	42308	63235	20927
53	43006	63059	20053
53	41296	63511	22215
53	41526	63685	22159
53	41377	63537	22160
53	42575	63243	20668
53	41750	63597	21847
53	41279	63565	22286
53	41419	63682	22263
53	42681	63231	20550
53	41376	63682	22306
53	41685	63524	21839
53	41473	63684	22211
53	41267	63689	22422
53	41407	63676	22269
53	41339	63693	22354
53	42835	63239	20404
53	42473	62821	20348
53	41256	63690	22434
53	41527	63689	22162
53	42530	63219	20689
53	41359	63686	22327
53	41539	63593	22054
53	41834	63595	21761
53	41566	63685	22119
53	41927	63600	21673
53	41631	63682	22051
53	41597	63582	21985
53	41797	63692	21895
53	41450	63559	22109
53	41563	63578	22015
53	41816	63335	21519
53	41290	63553	22263
53	41224	63568	22344
53	41426	63563	22137
53	41354	63679	22325
53	42883	62555	19672
53	41564	63596	22032
53	41352	63557	22205
53	42828	63068	20240
53	41485	63558	22073
53	41463	63597	22134
53	42564	63235	20671
53	41559	63677	22118
53	41579	63585	22006
53	41496	63691	22195
53	42773	63246	20473
53	41306	63530	22224
53	41491	63681	22190
53	41443	63686	22243
53	41510	63560	22050
53	41493	63695	22202
53	41357	63684	22327
53	41468	63683	22215
53	41264	63546	22282
53	41553	63596	22043
53	41602	63551	21949
53	41211	63687	22476
53	41317	63686	22369
53	41420	63675	22255
53	41405	63689	22284
54	41701	63590	21889
54	41554	63589	22035
54	41221	63681	22460
54	42647	63244	20597
54	41135	63547	22412
54	41458	63580	22122
54	42486	63231	20745
54	41583	63366	21783
54	42547	63243	20696
54	41408	63600	22192
54	41673	63389	21716
54	42369	62845	20476
54	41430	63385	21955
54	41595	63564	21969
54	42425	63234	20809
54	41523	63678	22155
54	41259	63690	22431
54	41670	63558	21888
54	41400	63678	22278
54	41433	63688	22255
54	41630	63603	21973
54	41239	63688	22449
54	41663	63595	21932
54	41402	63681	22279
54	41493	63690	22197
54	41342	63552	22210
54	41720	63592	21872
54	41290	63558	22268
54	41324	63689	22365
54	41247	63675	22428
54	41339	63690	22351
54	41478	63600	22122
54	41792	63593	21801
54	41242	63562	22320
54	41112	63693	22581
54	42418	63227	20809
54	41463	63693	22230
54	41366	63689	22323
54	41607	63674	22067
54	41710	63692	21982
54	41615	63577	21962
54	41527	63602	22075
54	41585	63586	22001
54	41308	63687	22379
54	42581	63245	20664
54	41519	63676	22157
54	41303	63694	22391
54	41703	63595	21892
54	41521	63357	21836
54	41344	63552	22208
54	41826	63590	21764
54	41367	63681	22314
54	41289	63686	22397
54	42866	63087	20221
54	41502	63678	22176
54	41435	63673	22238
54	42448	63241	20793
54	41636	63602	21966
54	41303	63691	22388
54	41437	63685	22248
54	41107	63694	22587
54	41417	63678	22261
54	41149	63536	22387
54	41434	63555	22121
54	41575	63681	22106
54	41334	63567	22233
54	41328	63685	22357
54	41396	63688	22292
54	41205	63689	22484
54	41221	63693	22472
54	41156	63547	22391
55	41347	63692	22345
55	41332	63381	22049
55	41364	63691	22327
55	41137	63689	22552
55	41593	63413	21820
55	41354	63571	22217
55	41175	63690	22515
55	41294	63685	22391
55	41477	63673	22196
55	41159	63690	22531
55	42622	62855	20233
55	41243	63696	22453
55	41930	63367	21437
55	41350	63677	22327
55	41293	63562	22269
55	41549	63682	22133
55	41274	63686	22412
55	41454	63673	22219
55	41424	63591	22167
55	42786	63072	20286
55	41352	63688	22336
55	41156	63690	22534
55	41705	63599	21894
55	41521	63541	22020
55	41235	63685	22450
55	41581	63555	21974
55	41318	63681	22363
55	41777	63329	21552
55	42256	62816	20560
55	41563	63350	21787
55	41678	63387	21709
55	41283	63677	22394
55	42318	63244	20926
55	41082	63685	22603
55	42664	63251	20587
55	41256	63553	22297
55	42414	63239	20825
55	42512	63242	20730
55	43058	63085	20027
55	41101	63684	22583
55	41265	63561	22296
55	41206	63557	22351
55	42472	63242	20770
55	41172	63690	22518
55	41547	63686	22139
55	41554	63376	21822
55	42521	63242	20721
55	41262	63673	22411
55	42565	63246	20681
55	41460	63593	22133
55	41310	63669	22359
55	41257	63679	22422
55	42544	63247	20703
55	41239	63682	22443
55	41551	63603	22052
55	41175	63691	22516
55	41227	63685	22458
55	41459	63672	22213
55	42317	63253	20936
55	42558	62839	20281
55	42465	62866	20401
55	41245	63678	22433
55	41409	63591	22182
55	41360	63353	21993
55	42416	63236	20820
55	41321	63677	22356
55	41204	63556	22352
55	41522	63602	22080
55	41186	63684	22498
55	42423	62883	20460
55	41487	63608	22121
56	41606	63588	21982
56	41405	63579	22174
56	42555	62874	20319
56	41397	63573	22176
56	42433	63259	20826
56	41234	63692	22458
56	41176	63546	22370
56	42917	63050	20133
56	41607	63682	22075
56	42439	63245	20806
56	42596	63241	20645
56	41757	63589	21832
56	42680	62884	20204
56	41174	63549	22375
56	41198	63546	22348
56	41519	63595	22076
56	41151	63684	22533
56	41086	63687	22601
56	41584	63600	22016
56	41298	63561	22263
56	41439	63536	22097
56	41317	63556	22239
56	41419	63605	22186
56	41110	63679	22569
56	41157	63693	22536
56	42520	63249	20729
56	42495	63237	20742
56	42329	63245	20916
56	42207	62848	20641
56	41143	63689	22546
56	41407	63569	22162
56	41292	63687	22395
56	41271	63690	22419
56	41097	63686	22589
56	41304	63689	22385
56	42175	62816	20641
56	41636	63603	21967
56	41437	63603	22166
56	41276	63675	22399
56	41383	63666	22283
56	41083	63684	22601
56	41366	63689	22323
56	42741	63075	20334
56	41208	63683	22475
56	41075	63556	22481
56	41170	63690	22520
56	41244	63569	22325
56	42467	63241	20774
56	41592	63670	22078
56	41156	63691	22535
56	41484	63598	22114
56	41362	63687	22325
56	41255	63558	22303
56	42312	63250	20938
56	41530	63413	21883
56	41621	63593	21972
56	41520	63681	22161
56	42424	63253	20829
56	41161	63569	22408
56	41410	63692	22282
56	41476	63686	22210
56	41411	63412	22001
56	41396	63591	22195
56	41557	63688	22131
56	41541	63687	22146
56	41173	63691	22518
56	41586	63689	22103
56	41289	63695	22406
56	41182	63548	22366
56	41126	63683	22557
56	42282	62828	20546
57	41372	63550	22178
57	41247	63679	22432
57	41095	63691	22596
57	41389	63691	22302
57	42227	63229	21002
57	42771	62522	19751
57	41565	63603	22038
57	41104	63568	22464
57	42404	63239	20835
57	41318	63686	22368
57	41185	63674	22489
57	41149	63684	22535
57	41019	63561	22542
57	41050	63674	22624
57	41116	63684	22568
57	41257	63698	22441
57	42424	63247	20823
57	41083	63696	22613
57	42575	63080	20505
57	41200	63690	22490
57	41348	63584	22236
57	41142	63568	22426
57	41239	63691	22452
57	41178	63561	22383
57	41121	63695	22574
57	41590	63607	22017
57	41603	63690	22087
57	41549	63403	21854
57	41448	63688	22240
57	41300	63555	22255
57	41263	63689	22426
57	41555	63598	22043
57	41215	63693	22478
57	41471	63367	21896
57	41540	63690	22150
57	42419	63240	20821
57	41171	63692	22521
57	42346	62857	20511
57	41125	63690	22565
57	41381	63682	22301
57	41354	63690	22336
57	42553	62850	20297
57	41110	63684	22574
57	41164	63686	22522
57	41196	63694	22498
57	41144	63692	22548
57	41479	63598	22119
57	41259	63568	22309
57	41473	63356	21883
57	41348	63674	22326
57	41650	63366	21716
57	41135	63690	22555
57	41199	63541	22342
57	41304	63689	22385
57	42310	63240	20930
57	41646	63605	21959
57	41182	63687	22505
57	41158	63684	22526
57	41179	63678	22499
57	42370	63250	20880
57	41282	63693	22411
57	42338	63244	20906
57	42544	63234	20690
57	41266	63685	22419
57	41104	63695	22591
57	41189	63691	22502
57	41628	63599	21971
57	41330	63694	22364
57	41167	63694	22527
57	41417	63596	22179
57	41804	63399	21595
58	42573	63256	20683
58	41688	63592	21904
58	41409	63597	22188
58	41265	63693	22428
58	41135	63568	22433
58	41454	63595	22141
58	41291	63694	22403
58	41237	63563	22326
58	42475	63233	20758
58	42366	63251	20885
58	41086	63693	22607
58	41259	63697	22438
58	41327	63562	22235
58	41389	63695	22306
58	41289	63561	22272
58	42777	63082	20305
58	41478	63680	22202
58	41231	63557	22326
58	41170	63693	22523
58	42513	63243	20730
58	41109	63543	22434
58	41198	63688	22490
58	41382	63560	22178
58	42483	63243	20760
58	41088	63682	22594
58	41429	63687	22258
58	41430	63595	22165
58	42781	63080	20299
58	41436	63606	22170
58	41057	63561	22504
58	41607	63404	21797
58	41108	63698	22590
58	41280	63686	22406
58	41729	63607	21878
58	42778	63073	20295
58	41173	63692	22519
58	41088	63686	22598
58	41798	63598	21800
58	41182	63696	22514
58	41258	63689	22431
58	41258	63692	22434
58	41381	63686	22305
58	42304	63253	20949
58	41429	63604	22175
58	41325	63691	22366
58	42344	63251	20907
58	41222	63553	22331
58	41116	63548	22432
58	41300	63696	22396
58	41295	63602	22307
58	41097	63697	22600
58	41443	63564	22121
58	41305	63690	22385
58	41184	63693	22509
58	41263	63688	22425
58	41047	63699	22652
58	42138	63250	21112
58	41279	63686	22407
58	41134	63691	22557
58	41335	63681	22346
58	41122	63678	22556
58	41255	63700	22445
58	41268	63688	22420
58	41040	63557	22517
58	41334	63606	22272
58	41509	63597	22088
58	41065	63564	22499
58	41238	63571	22333
58	42309	63257	20948
58	41207	63679	22472
58	41246	63697	22451
59	41100	63692	22592
59	41234	63692	22458
59	41415	63598	22183
59	41100	63692	22592
59	41067	63690	22623
59	41275	63604	22329
59	42314	63254	20940
59	41118	63688	22570
59	41081	63571	22490
59	41221	63684	22463
59	41246	63682	22436
59	41186	63688	22502
59	41368	63600	22232
59	41274	63693	22419
59	41493	63587	22094
59	41359	63604	22245
59	42200	63245	21045
59	42626	63229	20603
59	42519	63239	20720
59	41074	63682	22608
59	42319	63243	20924
59	41009	63696	22687
59	41069	63571	22502
59	42289	63249	20960
59	41176	63684	22508
59	41197	63686	22489
59	41069	63551	22482
59	41393	63690	22297
59	41401	63683	22282
59	42222	63259	21037
59	41111	63688	22577
59	41164	63695	22531
59	41077	63575	22498
59	41129	63556	22427
59	41128	63563	22435
59	41237	63698	22461
59	41061	63681	22620
59	41199	63561	22362
59	42510	63232	20722
59	42130	63248	21118
59	41166	63691	22525
59	41238	63683	22445
59	41029	63697	22668
59	41215	63698	22483
59	42240	63259	21019
59	41019	63563	22544
59	41174	63555	22381
59	41482	63591	22109
59	41203	63693	22490
59	41613	63608	21995
59	42206	63250	21044
59	41117	63688	22571
59	41297	63684	22387
59	42345	63248	20903
59	41137	63558	22421
59	41284	63699	22415
59	41049	63686	22637
59	41331	63692	22361
59	41331	63688	22357
59	41120	63569	22449
59	42420	63261	20841
59	41063	63695	22632
59	41222	63695	22473
59	41301	63688	22387
59	42306	63250	20944
59	42388	63245	20857
59	42722	63084	20362
59	40977	63690	22713
59	41058	63574	22516
59	42281	63240	20959
59	41082	63698	22616
60	41290	63606	22316
60	41411	63606	22195
60	41349	63591	22242
60	41025	63678	22653
60	41381	63602	22221
60	41140	63686	22546
60	41281	63690	22409
60	41140	63696	22556
60	41101	63690	22589
60	40998	63696	22698
60	41391	63591	22200
60	41103	63688	22585
60	41182	63695	22513
60	41002	63691	22689
60	41333	63607	22274
60	42261	63252	20991
60	42206	63257	21051
60	41398	63689	22291
60	40937	63550	22613
60	41231	63689	22458
60	41031	63688	22657
60	41036	63683	22647
60	41008	63689	22681
60	41114	63698	22584
60	41258	63608	22350
60	41143	63691	22548
60	41338	63686	22348
60	41015	63688	22673
60	41099	63686	22587
60	41208	63690	22482
60	41339	63590	22251
60	41212	63682	22470
60	41483	63605	22122
60	41126	63690	22564
60	41057	63696	22639
60	41052	63689	22637
60	41286	63697	22411
60	42416	63243	20827
60	41086	63684	22598
60	40987	63575	22588
60	41400	63692	22292
60	41213	63691	22478
60	41044	63696	22652
60	41353	63607	22254
60	41114	63544	22430
60	41151	63700	22549
60	41293	63696	22403
60	41386	63610	22224
60	41009	63692	22683
60	41671	63598	21927
60	41114	63688	22574
60	41190	63691	22501
60	41137	63696	22559
60	42240	63257	21017
60	41212	63690	22478
60	41437	63604	22167
60	41203	63693	22490
60	41035	63687	22652
60	41339	63378	22039
60	41162	63687	22525
60	41264	63697	22433
60	41093	63682	22589
60	41010	63695	22685
60	41110	63681	22571
60	41185	63690	22505
60	40979	63565	22586
60	41208	63691	22483
60	41160	63698	22538
60	42258	63255	20997
60	41043	63688	22645
60	42264	63253	20989
61	41016	63699	22683
61	41040	63683	22643
61	40978	63571	22593
61	40950	63689	22739
61	41112	63690	22578
61	40991	63697	22706
61	41060	63680	22620
61	40932	63685	22753
61	40994	63689	22695
61	41311	63602	22291
61	41479	63602	22123
61	41058	63698	22640
61	41019	63693	22674
61	41052	63692	22640
61	42231	63250	21019
61	41039	63696	22657
61	41317	63694	22377
61	41388	63693	22305
61	41182	63701	22519
61	40959	63681	22722
61	41214	63690	22476
61	41206	63694	22488
61	41243	63595	22352
61	42289	63249	20960
61	40987	63690	22703
61	41224	63698	22474
61	41027	63577	22550
61	41264	63692	22428
61	41020	63561	22541
61	41095	63694	22599
61	41034	63570	22536
61	41148	63696	22548
61	40952	63577	22625
61	41158	63684	22526
61	41167	63689	22522
61	41349	63614	22265
61	41243	63603	22360
61	41051	63698	22647
61	41037	63694	22657
61	41278	63688	22410
61	41186	63690	22504
61	41287	63700	22413
61	41300	63694	22394
61	41335	63607	22272
61	41150	63691	22541
61	41115	63694	22579
61	41229	63403	22174
61	41281	63697	22416
61	41035	63696	22661
61	41019	63689	22670
61	41091	63692	22601
61	41145	63692	22547
61	41131	63692	22561
61	42152	63257	21105
61	41105	63693	22588
61	41185	63682	22497
61	41136	63694	22558
61	42311	63246	20935
61	41080	63697	22617
61	41033	63694	22661
61	42693	63069	20376
61	42184	63258	21074
61	41047	63693	22646
61	41157	63689	22532
61	42210	63254	21044
61	41101	63681	22580
61	41201	63690	22489
61	41060	63689	22629
61	41203	63697	22494
61	41267	63607	22340
61	41004	63687	22683
62	41319	63689	22370
62	42518	63093	20575
62	40965	63695	22730
62	42214	63260	21046
62	41126	63693	22567
62	40960	63699	22739
62	41145	63693	22548
62	41076	63691	22615
62	42209	63251	21042
62	41285	63405	22120
62	40917	63575	22658
62	41373	63600	22227
62	41022	63700	22678
62	41204	63695	22491
62	42100	63249	21149
62	41073	63699	22626
62	41052	63692	22640
62	42088	63259	21171
62	40993	63688	22695
62	41189	63698	22509
62	41046	63689	22643
62	41068	63697	22629
62	41025	63688	22663
62	41218	63696	22478
62	41119	63693	22574
62	41256	63691	22435
62	40921	63575	22654
62	41124	63693	22569
62	41059	63563	22504
62	41114	63699	22585
62	40916	63699	22783
62	41024	63698	22674
62	42241	63242	21001
62	41128	63698	22570
62	41239	63556	22317
62	41099	63686	22587
62	42213	62881	20668
62	41023	63693	22670
62	41051	63694	22643
62	40901	63696	22795
62	42072	63257	21185
62	41087	63698	22611
62	41141	63691	22550
62	41020	63696	22676
62	41229	63695	22466
62	40972	63693	22721
62	40993	63700	22707
62	41124	63692	22568
62	40974	63694	22720
62	40980	63696	22716
62	41123	63699	22576
62	41318	63693	22375
62	41090	63693	22603
62	40973	63697	22724
62	41118	63687	22569
62	41192	63689	22497
62	41068	63692	22624
62	41042	63694	22652
62	40998	63694	22696
62	40936	63687	22751
62	41292	63609	22317
62	41133	63686	22553
62	42172	63243	21071
62	42087	63247	21160
62	41069	63693	22624
62	41248	63566	22318
62	40910	63699	22789
62	42655	62576	19921
62	40934	63693	22759
62	41358	63604	22246
62	41107	63698	22591
63	41114	63695	22581
63	42142	63252	21110
63	40980	63696	22716
63	41143	63689	22546
63	41044	63681	22637
63	42692	63092	20400
63	42175	63261	21086
63	40977	63695	22718
63	42302	63258	20956
63	41075	63699	22624
63	40928	63697	22769
63	41004	63700	22696
63	40935	63698	22763
63	41190	63691	22501
63	40991	63692	22701
63	41337	63608	22271
63	40987	63693	22706
63	41044	63694	22650
63	40986	63684	22698
63	42275	62879	20604
63	40995	63691	22696
63	41193	63695	22502
63	41099	63687	22588
63	42230	63258	21028
63	41163	63609	22446
63	41015	63581	22566
63	40904	63699	22795
63	41293	63597	22304
63	41044	63694	22650
63	40926	63679	22753
63	41009	63688	22679
63	41002	63694	22692
63	41005	63694	22689
63	40987	63692	22705
63	42058	62894	20836
63	41172	63696	22524
63	40978	63693	22715
63	40992	63688	22696
63	40924	63694	22770
63	42092	63256	21164
63	40978	63690	22712
63	40962	63695	22733
63	41025	63678	22653
63	41066	63692	22626
63	40908	63694	22786
63	41024	63567	22543
63	41007	63700	22693
63	41054	63695	22641
63	41322	63691	22369
63	42640	63254	20614
63	41124	63693	22569
63	41077	63558	22481
63	41088	63695	22607
63	40877	63692	22815
63	41017	63688	22671
63	41273	63692	22419
63	41359	63611	22252
63	41105	63692	22587
63	41108	63700	22592
63	41095	63692	22597
63	41000	63693	22693
63	41001	63688	22687
63	40880	63566	22686
63	40899	63700	22801
63	41083	63692	22609
63	40973	63699	22726
63	40922	63685	22763
63	41052	63687	22635
63	40990	63700	22710
63	40965	63699	22734
63	41105	63694	22589
64	41017	63580	22563
64	41021	63693	22672
64	41188	63602	22414
64	41046	63581	22535
64	40963	63699	22736
64	42109	63253	21144
64	41018	63697	22679
64	41073	63699	22626
64	41082	63695	22613
64	41126	63583	22457
64	41216	63612	22396
64	40981	63701	22720
64	41020	63699	22679
64	41095	63696	22601
64	41072	63696	22624
64	40971	63693	22722
64	41277	63410	22133
64	40956	63692	22736
64	40944	63699	22755
64	41043	63695	22652
64	40900	63576	22676
64	40910	63699	22789
64	41186	63598	22412
64	41005	63694	22689
64	41030	63690	22660
64	40992	63699	22707
64	40963	63690	22727
64	40973	63696	22723
64	40953	63700	22747
64	41087	63688	22601
64	41184	63608	22424
64	41138	63695	22557
64	41110	63697	22587
64	41032	63692	22660
64	40979	63699	22720
64	41064	63695	22631
64	41039	63700	22661
64	41011	63690	22679
64	40980	63688	22708
64	41243	63613	22370
64	40837	63693	22856
64	40968	63693	22725
64	41118	63687	22569
64	41032	63695	22663
64	42051	63264	21213
64	41204	63695	22491
64	41068	63700	22632
64	41070	63690	22620
64	41018	63695	22677
64	40951	63692	22741
64	40979	63580	22601
64	41026	63698	22672
64	41024	63694	22670
64	40917	63693	22776
64	40919	63693	22774
64	40927	63552	22625
64	40888	63558	22670
64	40972	63699	22727
64	40916	63580	22664
64	40940	63694	22754
64	40987	63695	22708
64	41286	63610	22324
64	41036	63684	22648
64	41082	63698	22616
64	42023	63255	21232
64	41036	63688	22652
64	41001	63698	22697
64	42560	63093	20533
64	40964	63695	22731
64	40986	63693	22707
64	40957	63699	22742
65	40906	63580	22674
65	40927	63697	22770
65	40849	63694	22845
65	41192	63611	22419
65	40888	63693	22805
65	42030	63266	21236
65	40955	63693	22738
65	41001	63699	22698
65	40899	63693	22794
65	41057	63689	22632
65	41224	63613	22389
65	40973	63686	22713
65	40977	63695	22718
65	40950	63695	22745
65	40949	63579	22630
65	40979	63696	22717
65	40920	63699	22779
65	40943	63698	22755
65	40949	63693	22744
65	41016	63695	22679
65	41005	63695	22690
65	40969	63686	22717
65	41131	63699	22568
65	42150	62897	20747
65	40870	63695	22825
65	41027	63691	22664
65	40880	63700	22820
65	41111	63694	22583
65	40902	63700	22798
65	41005	63697	22692
65	40975	63694	22719
65	42146	63257	21111
65	40892	63695	22803
65	41108	63698	22590
65	42149	63253	21104
65	40877	63694	22817
65	41010	63695	22685
65	42011	63256	21245
65	42026	63249	21223
65	40865	63692	22827
65	40864	63700	22836
65	40905	63697	22792
65	40970	63696	22726
65	40953	63699	22746
65	41001	63698	22697
65	40885	63700	22815
65	42115	63257	21142
65	41014	63692	22678
65	40899	63691	22792
65	40923	63693	22770
65	40996	63690	22694
65	40984	63696	22712
65	42147	63265	21118
65	40853	63693	22840
65	40875	63694	22819
65	40994	63693	22699
65	41006	63695	22689
65	40882	63582	22700
65	40968	63693	22725
65	42044	63264	21220
65	41186	63607	22421
65	40902	63699	22797
65	40856	63699	22843
65	40899	63577	22678
65	40865	63700	22835
65	41027	63696	22669
65	40961	63693	22732
65	40903	63564	22661
65	40994	63693	22699
65	41232	63611	22379
65	41047	63697	22650
66	40887	63693	22806
66	42028	63260	21232
66	42178	63263	21085
66	41009	63695	22686
66	40965	63701	22736
66	41072	63693	22621
66	40877	63694	22817
66	41005	63701	22696
66	40887	63701	22814
66	40917	63694	22777
66	41258	63606	22348
66	40899	63699	22800
66	40928	63699	22771
66	40988	63701	22713
66	41202	63601	22399
66	40930	63700	22770
66	40853	63696	22843
66	40910	63694	22784
66	41225	63607	22382
66	40940	63688	22748
66	40873	63581	22708
66	41083	63691	22608
66	40875	63699	22824
66	40935	63693	22758
66	40878	63694	22816
66	40866	63572	22706
66	40914	63694	22780
66	40939	63698	22759
66	40941	63699	22758
66	40891	63695	22804
66	40976	63582	22606
66	40895	63687	22792
66	40935	63701	22766
66	40977	63696	22719
66	40882	63700	22818
66	40963	63695	22732
66	42007	63265	21258
66	40869	63577	22708
66	40866	63695	22829
66	40883	63700	22817
66	42046	63264	21218
66	41995	63265	21270
66	40838	63581	22743
66	40863	63576	22713
66	40913	63691	22778
66	41031	63696	22665
66	40936	63697	22761
66	40881	63699	22818
66	40898	63701	22803
66	41074	63696	22622
66	40991	63701	22710
66	40952	63701	22749
66	40905	63700	22795
66	40919	63701	22782
66	40908	63579	22671
66	41005	63694	22689
66	40892	63700	22808
66	40923	63700	22777
66	41970	63244	21274
66	42135	63265	21130
66	42039	63261	21222
66	40877	63699	22822
66	40926	63692	22766
66	41146	63694	22548
66	40939	63691	22752
66	40872	63693	22821
66	40956	63700	22744
66	40904	63689	22785
66	41050	63698	22648
66	41113	63613	22500
66	41042	63689	22647
67	40856	63698	22842
67	42051	62898	20847
67	40870	63700	22830
67	40821	63699	22878
67	40903	63697	22794
67	40878	63699	22821
67	41004	63700	22696
67	41016	63578	22562
67	40850	63700	22850
67	41079	63614	22535
67	40828	63700	22872
67	40916	63698	22782
67	40899	63700	22801
67	40935	63700	22765
67	40958	63701	22743
67	40855	63700	22845
67	40925	63700	22775
67	42026	63263	21237
67	42014	63265	21251
67	40838	63694	22856
67	41987	63252	21265
67	40919	63699	22780
67	40915	63696	22781
67	41087	63699	22612
67	40874	63699	22825
67	40939	63701	22762
67	40920	63695	22775
67	40966	63701	22735
67	40838	63698	22860
67	40866	63700	22834
67	40977	63697	22720
67	40959	63697	22738
67	40859	63698	22839
67	40922	63699	22777
67	40944	63695	22751
67	40843	63694	22851
67	40876	63696	22820
67	40836	63700	22864
67	40845	63699	22854
67	40828	63696	22868
67	40839	63700	22861
67	40883	63699	22816
67	40854	63700	22846
67	40948	63694	22746
67	40844	63693	22849
67	41027	63699	22672
67	40995	63690	22695
67	40924	63696	22772
67	40994	63695	22701
67	40872	63696	22824
67	40911	63701	22790
67	40852	63696	22844
67	40832	63699	22867
67	41133	63612	22479
67	40924	63693	22769
67	40869	63694	22825
67	40907	63701	22794
67	40852	63698	22846
67	40874	63699	22825
67	40861	63699	22838
67	40838	63696	22858
67	40915	63697	22782
67	41094	63694	22600
67	40939	63700	22761
67	40833	63700	22867
67	40898	63700	22802
67	40906	63698	22792
67	40924	63699	22775
67	40849	63700	22851
67	40896	63701	22805
67	40907	63700	22793
68	40910	63699	22789
68	40912	63690	22778
68	40838	63697	22859
68	41035	63693	22658
68	40838	63700	22862
68	40988	63701	22713
68	40827	63700	22873
68	40865	63701	22836
68	40919	63698	22779
68	40819	63692	22873
68	40800	63700	22900
68	40842	63701	22859
68	40878	63695	22817
68	40835	63701	22866
68	40846	63699	22853
68	40858	63699	22841
68	40892	63696	22804
68	40818	63700	22882
68	40815	63700	22885
68	40828	63699	22871
68	40900	63701	22801
68	41111	63608	22497
68	40876	63700	22824
68	40979	63579	22600
68	40799	63582	22783
68	40960	63701	22741
68	40823	63581	22758
68	40810	63693	22883
68	40896	63700	22804
68	40858	63700	22842
68	40889	63700	22811
68	40807	63700	22893
68	40861	63700	22839
68	40893	63697	22804
68	41990	63266	21276
68	40866	63700	22834
68	40878	63700	22822
68	40816	63700	22884
68	40851	63698	22847
68	40875	63692	22817
68	40834	63697	22863
68	40836	63697	22861
68	40816	63700	22884
68	40836	63700	22864
68	40854	63701	22847
68	40816	63696	22880
68	41116	63613	22497
68	40815	63700	22885
68	40802	63700	22898
68	40890	63695	22805
68	40870	63692	22822
68	40835	63700	22865
68	40830	63700	22870
68	40934	63697	22763
68	40856	63701	22845
68	40911	63699	22788
68	40827	63697	22870
68	40843	63700	22857
68	40799	63701	22902
68	41098	63611	22513
68	40930	63695	22765
68	40860	63700	22840
68	40818	63696	22878
68	40820	63700	22880
68	40824	63701	22877
68	40820	63701	22881
68	40846	63700	22854
68	40873	63696	22823
68	40790	63693	22903
68	40866	63699	22833
68	40832	63699	22867
69	40870	63701	22831
69	40900	63697	22797
69	41960	63264	21304
69	40841	63697	22856
69	40829	63701	22872
69	40813	63695	22882
69	40805	63701	22896
69	40806	63701	22895
69	40836	63700	22864
69	40823	63700	22877
69	40834	63700	22866
69	40860	63701	22841
69	40882	63701	22819
69	40857	63697	22840
69	40873	63701	22828
69	40862	63696	22834
69	40802	63701	22899
69	40868	63697	22829
69	40806	63701	22895
69	40848	63700	22852
69	40836	63697	22861
69	40901	63701	22800
69	40810	63700	22890
69	41035	63699	22664
69	40838	63699	22861
69	40794	63696	22902
69	40799	63581	22782
69	40916	63695	22779
69	40792	63697	22905
69	40805	63699	22894
69	40818	63699	22881
69	40831	63701	22870
69	40820	63701	22881
69	40778	63696	22918
69	41022	63695	22673
69	40863	63701	22838
69	40803	63701	22898
69	40864	63701	22837
69	40818	63701	22883
69	40873	63697	22824
69	40855	63699	22844
69	40986	63698	22712
69	40853	63583	22730
69	40795	63696	22901
69	40835	63701	22866
69	40874	63695	22821
69	40810	63700	22890
69	40859	63700	22841
69	40796	63701	22905
69	40805	63701	22896
69	40793	63696	22903
69	40882	63701	22819
69	40900	63700	22800
69	40799	63699	22900
69	40804	63701	22897
69	40810	63701	22891
69	40810	63700	22890
69	40957	63694	22737
69	42323	63103	20780
69	40858	63695	22837
69	40811	63701	22890
69	40801	63700	22899
69	40857	63700	22843
69	40830	63700	22870
69	40880	63701	22821
69	40832	63700	22868
69	41005	63698	22693
69	40980	63699	22719
69	40833	63701	22868
69	41070	63614	22544
70	40813	63700	22887
70	40777	63696	22919
70	40808	63700	22892
70	40853	63701	22848
70	40805	63701	22896
70	40801	63701	22900
70	40872	63701	22829
70	40791	63697	22906
70	40808	63700	22892
70	40810	63701	22891
70	40778	63701	22923
70	40798	63701	22903
70	40801	63701	22900
70	40799	63701	22902
70	40803	63701	22898
70	40797	63701	22904
70	40842	63697	22855
70	40847	63701	22854
70	40801	63701	22900
70	40787	63701	22914
70	41048	63614	22566
70	40793	63701	22908
70	40790	63701	22911
70	40784	63701	22917
70	40783	63701	22918
70	40786	63701	22915
70	40779	63700	22921
70	40797	63700	22903
70	40780	63700	22920
70	40787	63701	22914
70	40888	63698	22810
70	40846	63701	22855
70	40956	63699	22743
70	40789	63700	22911
70	40802	63700	22898
70	40806	63700	22894
70	40786	63700	22914
70	40777	63583	22806
70	40789	63701	22912
70	40801	63701	22900
70	40813	63700	22887
70	40814	63701	22887
70	40821	63695	22874
70	40830	63701	22871
70	40798	63701	22903
